# Swift UVOT B filter

1600.0 0.0
1610.0 0.0
1620.0 0.0
1630.0 0.0
1640.0 0.0
1650.0 0.0
1660.0 0.0
1670.0 0.0
1680.0 0.0
1690.0 0.0
1700.0 0.0
1710.0 0.0
1720.0 0.0
1730.0 0.0
1740.0 0.0
1750.0 0.0
1760.0 0.0
1770.0 0.0
1780.0 0.0
1790.0 0.0
1800.0 0.0
1810.0 0.0
1820.0 0.0
1830.0 0.0
1840.0 0.0
1850.0 0.0
1860.0 0.0
1870.0 0.0
1880.0 0.0
1890.0 0.0
1900.0 9.999999747378752e-05
1910.0 7.500000356230885e-05
1920.0 4.999999873689376e-05
1930.0 2.499999936844688e-05
1940.0 0.0
1950.0 0.0
1960.0 0.0
1970.0 0.0
1980.0 0.0
1990.0 0.0
2000.0 0.0
2010.0 0.0
2020.0 0.0
2030.0 4.999999873689376e-05
2040.0 9.999999747378752e-05
2050.0 8.57142877066508e-05
2060.0 7.142857066355646e-05
2070.0 5.7142860896419734e-05
2080.0 4.285714021534659e-05
2090.0 2.8571430448209867e-05
2100.0 1.4285709767136723e-05
2110.0 0.0
2120.0 0.0
2130.0 0.0
2140.0 0.0
2150.0 0.0
2160.0 0.0
2170.0 0.0
2180.0 0.0
2190.0 0.0
2200.0 0.0
2210.0 0.0
2220.0 0.0
2230.0 0.0
2240.0 0.0
2250.0 0.0
2260.0 0.0
2270.0 0.0
2280.0 0.0
2290.0 0.0
2300.0 0.0
2310.0 0.0
2320.0 0.0
2330.0 0.0
2340.0 0.0
2350.0 0.0
2360.0 0.0
2370.0 0.0
2380.0 0.0
2390.0 0.0
2400.0 0.0
2410.0 0.0
2420.0 0.0
2430.0 0.0
2440.0 0.0
2450.0 0.0
2460.0 0.0
2470.0 0.0
2480.0 0.0
2490.0 0.0
2500.0 0.0
2510.0 0.0
2520.0 0.0
2530.0 0.0
2540.0 0.0
2550.0 0.0
2560.0 0.0
2570.0 0.0
2580.0 0.0
2590.0 0.0
2600.0 0.0
2610.0 0.0
2620.0 0.0
2630.0 0.0
2640.0 0.0
2650.0 0.0
2660.0 0.0
2670.0 0.0
2680.0 0.0
2690.0 0.0
2700.0 0.0
2710.0 0.0
2720.0 0.0
2730.0 0.0
2740.0 0.0
2750.0 0.0
2760.0 0.0
2770.0 0.0
2780.0 0.0
2790.0 0.0
2800.0 0.0
2810.0 0.0
2820.0 0.0
2830.0 0.0
2840.0 0.0
2850.0 0.0
2860.0 0.0
2870.0 0.0
2880.0 0.0
2890.0 0.0
2900.0 0.0
2910.0 0.0
2920.0 0.0
2930.0 0.0
2940.0 0.0
2950.0 0.0
2960.0 0.0
2970.0 0.0
2980.0 0.0
2990.0 0.0
3000.0 0.0
3010.0 0.0
3020.0 0.0
3030.0 0.0
3040.0 0.0
3050.0 0.0
3060.0 0.0
3070.0 0.0
3080.0 0.0
3090.0 0.0
3100.0 0.0
3110.0 0.0
3120.0 0.0
3130.0 0.0
3140.0 0.0
3150.0 0.0
3160.0 0.0
3170.0 0.0
3180.0 0.0
3190.0 0.0
3200.0 0.0
3210.0 0.0
3220.0 0.0
3230.0 0.0
3240.0 0.0
3250.0 0.0
3260.0 0.0
3270.0 0.0
3280.0 0.0
3290.0 0.0
3300.0 0.0
3310.0 0.0
3320.0 0.0
3330.0 0.0
3340.0 0.0
3350.0 0.0
3360.0 0.0
3370.0 0.0
3380.0 0.0
3390.0 0.0
3400.0 0.0
3410.0 0.0
3420.0 0.0
3430.0 0.0
3440.0 0.0
3450.0 3.33333300659433e-05
3460.0 6.666666740784422e-05
3470.0 9.999999747378752e-05
3480.0 9.999999747378752e-05
3490.0 9.999999747378752e-05
3500.0 9.999999747378752e-05
3510.0 0.00019999999494757503
3520.0 0.00019999999494757503
3530.0 0.0003000000142492354
3540.0 0.0003000000142492354
3550.0 0.00039999998989515007
3560.0 0.0005000000237487257
3570.0 0.0006000000284984708
3580.0 0.000699999975040555
3590.0 0.0008999999845400453
3600.0 0.0010999999940395355
3610.0 0.0013000000035390258
3620.0 0.0017000000225380063
3630.0 0.002099999925121665
3640.0 0.0024999999441206455
3650.0 0.003000000026077032
3660.0 0.003700000001117587
3670.0 0.004399999976158142
3680.0 0.005400000140070915
3690.0 0.006500000134110451
3700.0 0.00800000037997961
3710.0 0.00989999994635582
3720.0 0.012400000356137753
3730.0 0.015699999406933784
3740.0 0.019700000062584877
3750.0 0.02449999935925007
3760.0 0.030700000002980232
3770.0 0.03869999945163727
3780.0 0.049300000071525574
3790.0 0.0625
3800.0 0.07919999957084656
3810.0 0.10019999742507935
3820.0 0.125900000333786
3830.0 0.15549999475479126
3840.0 0.18870000541210175
3850.0 0.22689999639987946
3860.0 0.2727000117301941
3870.0 0.32679998874664307
3880.0 0.3822999894618988
3890.0 0.4255000054836273
3900.0 0.44589999318122864
3910.0 0.4490000009536743
3920.0 0.45249998569488525
3930.0 0.4724999964237213
3940.0 0.5135999917984009
3950.0 0.5681999921798706
3960.0 0.6208999752998352
3970.0 0.6553999781608582
3980.0 0.6679999828338623
3990.0 0.6708999872207642
4000.0 0.6787999868392944
4010.0 0.6980000138282776
4020.0 0.723800003528595
4030.0 0.7422999739646912
4040.0 0.7401999831199646
4050.0 0.7174000144004822
4060.0 0.6868000030517578
4070.0 0.664900004863739
4080.0 0.6611999869346619
4090.0 0.6771000027656555
4100.0 0.7057999968528748
4110.0 0.7354999780654907
4120.0 0.7516999840736389
4130.0 0.7476999759674072
4140.0 0.7281000018119812
4150.0 0.704800009727478
4160.0 0.6901000142097473
4170.0 0.6915000081062317
4180.0 0.7085999846458435
4190.0 0.7360000014305115
4200.0 0.7656000256538391
4210.0 0.7894999980926514
4220.0 0.8047000169754028
4230.0 0.8125
4240.0 0.8187999725341797
4250.0 0.8295999765396118
4260.0 0.8447999954223633
4270.0 0.8601999878883362
4280.0 0.8690000176429749
4290.0 0.8644999861717224
4300.0 0.8452000021934509
4310.0 0.8169999718666077
4320.0 0.789900004863739
4330.0 0.7727000117301941
4340.0 0.7699999809265137
4350.0 0.7815999984741211
4360.0 0.8050000071525574
4370.0 0.8331999778747559
4380.0 0.8582000136375427
4390.0 0.8738999962806702
4400.0 0.8784000277519226
4410.0 0.8744999766349792
4420.0 0.8669000267982483
4430.0 0.86080002784729
4440.0 0.8589000105857849
4450.0 0.8605999946594238
4460.0 0.8629000186920166
4470.0 0.8634999990463257
4480.0 0.8604999780654907
4490.0 0.8546000123023987
4500.0 0.847599983215332
4510.0 0.8424999713897705
4520.0 0.8417999744415283
4530.0 0.8464000225067139
4540.0 0.8551999926567078
4550.0 0.8669999837875366
4560.0 0.8787999749183655
4570.0 0.8877000212669373
4580.0 0.8925999999046326
4590.0 0.89410001039505
4600.0 0.8925999999046326
4610.0 0.8894000053405762
4620.0 0.8849999904632568
4630.0 0.8810999989509583
4640.0 0.8777999877929688
4650.0 0.8748999834060669
4660.0 0.8726000189781189
4670.0 0.8718000054359436
4680.0 0.8718000054359436
4690.0 0.8722000122070312
4700.0 0.8720999956130981
4710.0 0.8701000213623047
4720.0 0.8647000193595886
4730.0 0.8554999828338623
4740.0 0.8432000279426575
4750.0 0.8294000029563904
4760.0 0.8169999718666077
4770.0 0.8084999918937683
4780.0 0.8052999973297119
4790.0 0.8076000213623047
4800.0 0.8130999803543091
4810.0 0.8187000155448914
4820.0 0.8202000260353088
4830.0 0.8098000288009644
4840.0 0.7800999879837036
4850.0 0.7260000109672546
4860.0 0.6459000110626221
4870.0 0.5450999736785889
4880.0 0.43619999289512634
4890.0 0.3336000144481659
4900.0 0.24639999866485596
4910.0 0.1777999997138977
4920.0 0.1266999989748001
4930.0 0.09040000289678574
4940.0 0.0649000033736229
4950.0 0.04670000076293945
4960.0 0.033900000154972076
4970.0 0.024800000712275505
4980.0 0.018200000748038292
4990.0 0.013500000350177288
5000.0 0.009999999776482582
5010.0 0.007499999832361937
5020.0 0.00570000009611249
5030.0 0.004399999976158142
5040.0 0.0034000000450760126
5050.0 0.0026000000070780516
5060.0 0.002099999925121665
5070.0 0.0017000000225380063
5080.0 0.00139999995008111
5090.0 0.0012000000569969416
5100.0 0.0010000000474974513
5110.0 0.0008999999845400453
5120.0 0.000699999975040555
5130.0 0.0006000000284984708
5140.0 0.0005000000237487257
5150.0 0.0005000000237487257
5160.0 0.00039999998989515007
5170.0 0.0003000000142492354
5180.0 0.0003000000142492354
5190.0 0.00019999999494757503
5200.0 0.00019999999494757503
5210.0 0.00019999999494757503
5220.0 0.00019999999494757503
5230.0 9.999999747378752e-05
5240.0 9.999999747378752e-05
5250.0 9.999999747378752e-05
5260.0 9.999999747378752e-05
5270.0 9.999999747378752e-05
5280.0 9.999999747378752e-05
5290.0 9.999999747378752e-05
5300.0 9.999999747378752e-05
5310.0 9.999999747378752e-05
5320.0 9.999999747378752e-05
5330.0 9.999999747378752e-05
5340.0 9.999999747378752e-05
5350.0 9.999999747378752e-05
5360.0 9.999999747378752e-05
5370.0 9.999999747378752e-05
5380.0 0.0
5390.0 0.0
5400.0 0.0
5410.0 0.0
5420.0 0.0
5430.0 0.0
5440.0 0.0
5450.0 0.0
5460.0 0.0
5470.0 0.0
5480.0 0.0
5490.0 0.0
5500.0 0.0
5510.0 0.0
5520.0 0.0
5530.0 0.0
5540.0 0.0
5550.0 0.0
5560.0 0.0
5570.0 0.0
5580.0 0.0
5590.0 0.0
5600.0 0.0
5610.0 0.0
5620.0 0.0
5630.0 0.0
5640.0 0.0
5650.0 0.0
5660.0 0.0
5670.0 0.0
5680.0 0.0
5690.0 0.0
5700.0 0.0
5710.0 0.0
5720.0 0.0
5730.0 0.0
5740.0 0.0
5750.0 0.0
5760.0 0.0
5770.0 0.0
5780.0 0.0
5790.0 0.0
5800.0 0.0
5810.0 0.0
5820.0 0.0
5830.0 0.0
5840.0 0.0
5850.0 0.0
5860.0 0.0
5870.0 0.0
5880.0 0.0
5890.0 0.0
5900.0 0.0
5910.0 0.0
5920.0 0.0
5930.0 0.0
5940.0 0.0
5950.0 0.0
5960.0 0.0
5970.0 0.0
5980.0 0.0
5990.0 0.0
6000.0 0.0
6010.0 0.0
6020.0 0.0
6030.0 0.0
6040.0 0.0
6050.0 0.0
6060.0 0.0
6070.0 0.0
6080.0 0.0
6090.0 0.0
6100.0 0.0
6110.0 0.0
6120.0 0.0
6130.0 0.0
6140.0 0.0
6150.0 0.0
6160.0 0.0
6170.0 0.0
6180.0 0.0
6190.0 0.0
6200.0 0.0
6210.0 0.0
6220.0 0.0
6230.0 9.999999747378752e-05
6240.0 0.0
6250.0 9.999999747378752e-05
6260.0 9.999999747378752e-05
6270.0 9.999999747378752e-05
6280.0 9.999999747378752e-05
6290.0 0.0
6300.0 0.0
6310.0 9.999999747378752e-05
6320.0 0.0
6330.0 0.0
6340.0 0.0
6350.0 0.0
6360.0 0.0
6370.0 0.0
6380.0 0.0
6390.0 0.0
6400.0 0.0
6410.0 0.0
6420.0 0.0
6430.0 0.0
6440.0 0.0
6450.0 0.0
6460.0 0.0
6470.0 0.0
6480.0 0.0
6490.0 0.0
6500.0 0.0
6510.0 0.0
6520.0 0.0
6530.0 0.0
6540.0 0.0
6550.0 0.0
6560.0 0.0
6570.0 0.0
6580.0 0.0
6590.0 0.0
6600.0 0.0
6610.0 0.0
6620.0 9.999999747378752e-05
6630.0 9.999999747378752e-05
6640.0 0.00019999999494757503
6650.0 0.00019999999494757503
6660.0 9.999999747378752e-05
6670.0 9.999999747378752e-05
6680.0 0.0
6690.0 0.0
6700.0 0.0
6710.0 0.0
6720.0 0.0
6730.0 0.0
6740.0 0.0
6750.0 0.0
6760.0 0.0
6770.0 0.0
6780.0 0.0
6790.0 0.0
6800.0 0.0
6810.0 0.0
6820.0 0.0
6830.0 0.0
6840.0 0.0
6850.0 0.0
6860.0 0.0
6870.0 0.0
6880.0 0.0
6890.0 0.0
6900.0 0.0
6910.0 0.0
6920.0 0.0
6930.0 0.0
6940.0 0.0
6950.0 0.0
6960.0 0.0
6970.0 9.999999747378752e-05
6980.0 9.999999747378752e-05
6990.0 0.0
7000.0 9.999999747378752e-05
7010.0 0.0
7020.0 0.0
7030.0 0.0
7040.0 0.0
7050.0 0.0
7060.0 0.0
7070.0 0.0
7080.0 0.0
7090.0 0.0
7100.0 0.0
7110.0 0.0
7120.0 0.0
7130.0 0.0
7140.0 0.0
7150.0 0.0
7160.0 0.0
7170.0 0.0
7180.0 0.0
7190.0 0.0
7200.0 0.0
7210.0 0.0
7220.0 0.0
7230.0 0.0
7240.0 0.0
7250.0 0.0
7260.0 0.0
7270.0 0.0
7280.0 0.0
7290.0 0.0
7300.0 0.0
7310.0 0.0
7320.0 0.0
7330.0 0.0
7340.0 0.0
7350.0 0.0
7360.0 0.0
7370.0 0.0
7380.0 0.0
7390.0 0.0
7400.0 0.0
7410.0 0.0
7420.0 0.0
7430.0 0.0
7440.0 0.0
7450.0 0.0
7460.0 0.0
7470.0 0.0
7480.0 0.0
7490.0 0.0
7500.0 0.0
7510.0 0.0
7520.0 0.0
7530.0 0.0
7540.0 0.0
7550.0 0.0
7560.0 0.0
7570.0 0.0
7580.0 0.0
7590.0 0.0
7600.0 0.0
7610.0 0.0
7620.0 0.0
7630.0 0.0
7640.0 0.0
7650.0 0.0
7660.0 0.0
7670.0 0.0
7680.0 0.0
7690.0 0.0
7700.0 0.0
7710.0 0.0
7720.0 0.0
7730.0 0.0
7740.0 0.0
7750.0 0.0
7760.0 0.0
7770.0 0.0
7780.0 0.0
7790.0 0.0
7800.0 0.0
7810.0 0.0
7820.0 0.0
7830.0 0.0
7840.0 0.0
7850.0 0.0
7860.0 0.0
7870.0 0.0
7880.0 0.0
7890.0 0.0
7900.0 0.0
7910.0 0.0
7920.0 0.0
7930.0 0.0
7940.0 0.0
7950.0 0.0
7960.0 0.0
7970.0 0.0
7980.0 0.0
7990.0 0.0
8000.0 0.0
