# Swift UVOT U filter

1600.0 0.0
1610.0 0.0
1620.0 0.0
1630.0 0.0
1640.0 0.0
1650.0 0.0
1660.0 0.0
1670.0 0.0
1680.0 0.0
1690.0 0.0
1700.0 0.0
1710.0 0.0
1720.0 0.0
1730.0 0.0
1740.0 0.0
1750.0 0.0
1760.0 0.0
1770.0 0.0
1780.0 0.0
1790.0 0.0
1800.0 0.0
1810.0 0.0
1820.0 0.0
1830.0 0.0
1840.0 0.0
1850.0 0.0
1860.0 0.0
1870.0 0.0
1880.0 0.0
1890.0 0.0
1900.0 0.0
1910.0 0.0
1920.0 0.0
1930.0 0.0
1940.0 0.0
1950.0 0.0
1960.0 0.0
1970.0 0.0
1980.0 0.0
1990.0 0.0
2000.0 0.0
2010.0 0.0
2020.0 0.0
2030.0 0.0
2040.0 0.0
2050.0 0.0
2060.0 0.0
2070.0 0.0
2080.0 0.0
2090.0 0.0
2100.0 0.0
2110.0 0.0
2120.0 0.0
2130.0 0.0
2140.0 0.0
2150.0 0.0
2160.0 0.0
2170.0 0.0
2180.0 0.0
2190.0 0.0
2200.0 0.0
2210.0 0.0
2220.0 0.0
2230.0 0.0
2240.0 0.0
2250.0 0.0
2260.0 0.0
2270.0 0.0
2280.0 0.0
2290.0 0.0
2300.0 0.0
2310.0 0.0
2320.0 0.0
2330.0 0.0
2340.0 0.0
2350.0 0.0
2360.0 0.0
2370.0 0.0
2380.0 0.0
2390.0 0.0
2400.0 0.0
2410.0 0.0
2420.0 0.0
2430.0 0.0
2440.0 0.0
2450.0 0.0
2460.0 0.0
2470.0 0.0
2480.0 0.0
2490.0 0.0
2500.0 0.0
2510.0 0.0
2520.0 0.0
2530.0 0.0
2540.0 0.0
2550.0 0.0
2560.0 0.0
2570.0 0.0
2580.0 0.0
2590.0 0.0
2600.0 0.0
2610.0 0.0
2620.0 0.0
2630.0 0.0
2640.0 0.0
2650.0 0.0
2660.0 0.0
2670.0 0.0
2680.0 0.0
2690.0 0.0
2700.0 0.0
2710.0 0.0
2720.0 0.0
2730.0 0.0
2740.0 0.0
2750.0 0.0
2760.0 0.0
2770.0 0.0
2780.0 0.0
2790.0 0.0
2800.0 0.0
2810.0 0.0
2820.0 0.0
2830.0 0.0
2840.0 9.999999747378752e-05
2850.0 9.999999747378752e-05
2860.0 9.999999747378752e-05
2870.0 9.999999747378752e-05
2880.0 9.999999747378752e-05
2890.0 9.999999747378752e-05
2900.0 9.999999747378752e-05
2910.0 9.999999747378752e-05
2920.0 9.999999747378752e-05
2930.0 9.999999747378752e-05
2940.0 9.999999747378752e-05
2950.0 9.999999747378752e-05
2960.0 9.999999747378752e-05
2970.0 9.999999747378752e-05
2980.0 9.999999747378752e-05
2990.0 9.999999747378752e-05
3000.0 0.00019999999494757503
3010.0 0.0010999999940395355
3020.0 0.018799999728798866
3030.0 0.09319999814033508
3040.0 0.21819999814033508
3050.0 0.3555000126361847
3060.0 0.43130001425743103
3070.0 0.45489999651908875
3080.0 0.5662999749183655
3090.0 0.6654999852180481
3100.0 0.6740000247955322
3110.0 0.6949999928474426
3120.0 0.7480000257492065
3130.0 0.809499979019165
3140.0 0.8195000290870667
3150.0 0.7878000140190125
3160.0 0.7534000277519226
3170.0 0.7468000054359436
3180.0 0.7757999897003174
3190.0 0.8317999839782715
3200.0 0.8878999948501587
3210.0 0.8299999833106995
3220.0 0.7432000041007996
3230.0 0.7588000297546387
3240.0 0.8392000198364258
3250.0 0.8766000270843506
3260.0 0.8988999724388123
3270.0 0.9315999746322632
3280.0 0.9401000142097473
3290.0 0.9301999807357788
3300.0 0.9277999997138977
3310.0 0.9380000233650208
3320.0 0.95660001039505
3330.0 0.9348000288009644
3340.0 0.8652999997138977
3350.0 0.8299999833106995
3360.0 0.8450000286102295
3370.0 0.8384000062942505
3380.0 0.7990000247955322
3390.0 0.7900999784469604
3400.0 0.8398000001907349
3410.0 0.8963000178337097
3420.0 0.8970999717712402
3430.0 0.8539999723434448
3440.0 0.8227999806404114
3450.0 0.8274000287055969
3460.0 0.852400004863739
3470.0 0.8592000007629395
3480.0 0.8385999798774719
3490.0 0.8195000290870667
3500.0 0.8230999708175659
3510.0 0.8436999917030334
3520.0 0.8628000020980835
3530.0 0.8677999973297119
3540.0 0.8664000034332275
3550.0 0.8718000054359436
3560.0 0.8920000195503235
3570.0 0.9222000241279602
3580.0 0.9424999952316284
3590.0 0.9408000111579895
3600.0 0.9214000105857849
3610.0 0.9126999974250793
3620.0 0.9308000206947327
3630.0 0.9606000185012817
3640.0 0.9758999943733215
3650.0 0.9664000272750854
3660.0 0.955299973487854
3670.0 0.9628000259399414
3680.0 0.9797999858856201
3690.0 0.9864000082015991
3700.0 0.9746000170707703
3710.0 0.9539999961853027
3720.0 0.9333000183105469
3730.0 0.9132000207901001
3740.0 0.9042999744415283
3750.0 0.9146999716758728
3760.0 0.934499979019165
3770.0 0.9289000034332275
3780.0 0.8847000002861023
3790.0 0.8327000141143799
3800.0 0.8115000128746033
3810.0 0.8410999774932861
3820.0 0.8892999887466431
3830.0 0.9003999829292297
3840.0 0.8210999965667725
3850.0 0.6528000235557556
3860.0 0.4490000009536743
3870.0 0.2718000113964081
3880.0 0.15299999713897705
3890.0 0.0868000015616417
3900.0 0.052299998700618744
3910.0 0.033900000154972076
3920.0 0.02319999970495701
3930.0 0.01640000008046627
3940.0 0.011599999852478504
3950.0 0.00800000037997961
3960.0 0.005400000140070915
3970.0 0.003599999938160181
3980.0 0.002400000113993883
3990.0 0.0017000000225380063
4000.0 0.0013000000035390258
4010.0 0.0010000000474974513
4020.0 0.0007999999797903001
4030.0 0.000699999975040555
4040.0 0.0006000000284984708
4050.0 0.0006000000284984708
4060.0 0.0005000000237487257
4070.0 0.00039999998989515007
4080.0 0.00039999998989515007
4090.0 0.0003000000142492354
4100.0 0.0003000000142492354
4110.0 0.00029799999902024865
4120.0 0.00029600001289509237
4130.0 0.00029399999766610563
4140.0 0.00029200001154094934
4150.0 0.0002899999963119626
4160.0 0.0002880000101868063
4170.0 0.0002859999949578196
4180.0 0.0002840000088326633
4190.0 0.00028199999360367656
4200.0 0.0002800000074785203
4210.0 0.00027799999224953353
4220.0 0.00027600000612437725
4230.0 0.0002739999908953905
4240.0 0.00027200000477023423
4250.0 0.0002699999895412475
4260.0 0.0002680000034160912
4270.0 0.00026599998818710446
4280.0 0.0002640000020619482
4290.0 0.00026199998683296144
4300.0 0.00026000000070780516
4310.0 0.0002579999854788184
4320.0 0.00025599999935366213
4330.0 0.00025400001322850585
4340.0 0.0002519999979995191
4350.0 0.0002500000118743628
4360.0 0.0002479999966453761
4370.0 0.0002460000105202198
4380.0 0.00024399999529123306
4390.0 0.00024199999461416155
4400.0 0.00023999999393709004
4410.0 0.00023799999326001853
4420.0 0.00023600000713486224
4430.0 0.00023400000645779073
4440.0 0.00023200000578071922
4450.0 0.0002300000051036477
4460.0 0.0002280000044265762
4470.0 0.00022600000374950469
4480.0 0.00022400000307243317
4490.0 0.00022200000239536166
4500.0 0.00022000000171829015
4510.0 0.00021800000104121864
4520.0 0.00021600000036414713
4530.0 0.00021399999968707561
4540.0 0.0002119999990100041
4550.0 0.0002099999983329326
4560.0 0.00020799999765586108
4570.0 0.00020599999697878957
4580.0 0.00020399999630171806
4590.0 0.00020199999562464654
4600.0 0.00019999999494757503
4610.0 0.00019999999494757503
4620.0 0.0003000000142492354
4630.0 0.0005000000237487257
4640.0 0.000699999975040555
4650.0 0.0007999999797903001
4660.0 0.000699999975040555
4670.0 0.0006000000284984708
4680.0 0.0005000000237487257
4690.0 0.0005000000237487257
4700.0 0.0006000000284984708
4710.0 0.0008999999845400453
4720.0 0.0017000000225380063
4730.0 0.008500000461935997
4740.0 0.057100001722574234
4750.0 0.1378999948501587
4760.0 0.13519999384880066
4770.0 0.06260000169277191
4780.0 0.014999999664723873
4790.0 0.002099999925121665
4800.0 0.00039999998989515007
4810.0 0.00019999999494757503
4820.0 9.999999747378752e-05
4830.0 9.999999747378752e-05
4840.0 9.999999747378752e-05
4850.0 9.999999747378752e-05
4860.0 9.999999747378752e-05
4870.0 9.999999747378752e-05
4880.0 9.999999747378752e-05
4890.0 0.0
4900.0 0.0
4910.0 0.0
4920.0 0.0
4930.0 0.0
4940.0 0.0
4950.0 0.0
4960.0 0.0
4970.0 0.0
4980.0 0.0
4990.0 0.0
5000.0 0.0
5010.0 0.0
5020.0 0.0
5030.0 0.0
5040.0 0.0
5050.0 0.0
5060.0 0.0
5070.0 0.0
5080.0 0.0
5090.0 0.0
5100.0 0.0
5110.0 0.0
5120.0 0.0
5130.0 0.0
5140.0 0.0
5150.0 0.0
5160.0 0.0
5170.0 0.0
5180.0 0.0
5190.0 0.0
5200.0 0.0
5210.0 0.0
5220.0 0.0
5230.0 0.0
5240.0 0.0
5250.0 0.0
5260.0 0.0
5270.0 0.0
5280.0 0.0
5290.0 0.0
5300.0 0.0
5310.0 0.0
5320.0 0.0
5330.0 0.0
5340.0 0.0
5350.0 0.0
5360.0 0.0
5370.0 0.0
5380.0 0.0
5390.0 0.0
5400.0 0.0
5410.0 0.0
5420.0 0.0
5430.0 0.0
5440.0 0.0
5450.0 0.0
5460.0 0.0
5470.0 0.0
5480.0 0.0
5490.0 0.0
5500.0 0.0
5510.0 0.0
5520.0 0.0
5530.0 0.0
5540.0 0.0
5550.0 0.0
5560.0 0.0
5570.0 0.0
5580.0 0.0
5590.0 0.0
5600.0 0.0
5610.0 0.0
5620.0 0.0
5630.0 0.0
5640.0 0.0
5650.0 0.0
5660.0 0.0
5670.0 0.0
5680.0 0.0
5690.0 0.0
5700.0 0.0
5710.0 0.0
5720.0 0.0
5730.0 0.0
5740.0 0.0
5750.0 0.0
5760.0 0.0
5770.0 0.0
5780.0 0.0
5790.0 0.0
5800.0 0.0
5810.0 0.0
5820.0 0.0
5830.0 0.0
5840.0 0.0
5850.0 0.0
5860.0 0.0
5870.0 0.0
5880.0 0.0
5890.0 0.0
5900.0 0.0
5910.0 0.0
5920.0 0.0
5930.0 0.0
5940.0 0.0
5950.0 0.0
5960.0 0.0
5970.0 0.0
5980.0 0.0
5990.0 0.0
6000.0 0.0
6010.0 0.0
6020.0 0.0
6030.0 0.0
6040.0 0.0
6050.0 0.0
6060.0 0.0
6070.0 0.0
6080.0 0.0
6090.0 0.0
6100.0 0.0
6110.0 0.0
6120.0 0.0
6130.0 0.0
6140.0 0.0
6150.0 0.0
6160.0 0.0
6170.0 0.0
6180.0 0.0
6190.0 0.0
6200.0 0.0
6210.0 0.0
6220.0 0.0
6230.0 0.0
6240.0 0.0
6250.0 0.0
6260.0 0.0
6270.0 0.0
6280.0 0.0
6290.0 0.0
6300.0 0.0
6310.0 0.0
6320.0 0.0
6330.0 0.0
6340.0 0.0
6350.0 0.0
6360.0 0.0
6370.0 0.0
6380.0 0.0
6390.0 0.0
6400.0 0.0
6410.0 0.0
6420.0 0.0
6430.0 0.0
6440.0 0.0
6450.0 0.0
6460.0 0.0
6470.0 0.0
6480.0 0.0
6490.0 0.0
6500.0 0.0
6510.0 0.0
6520.0 0.0
6530.0 0.0
6540.0 0.0
6550.0 0.0
6560.0 0.0
6570.0 0.0
6580.0 0.0
6590.0 0.0
6600.0 0.0
6610.0 0.0
6620.0 0.0
6630.0 0.0
6640.0 0.0
6650.0 0.0
6660.0 0.0
6670.0 0.0
6680.0 0.0
6690.0 0.0
6700.0 0.0
6710.0 0.0
6720.0 0.0
6730.0 0.0
6740.0 0.0
6750.0 0.0
6760.0 0.0
6770.0 0.0
6780.0 0.0
6790.0 0.0
6800.0 0.0
6810.0 0.0
6820.0 0.0
6830.0 0.0
6840.0 0.0
6850.0 0.0
6860.0 0.0
6870.0 0.0
6880.0 0.0
6890.0 0.0
6900.0 0.0
6910.0 0.0
6920.0 0.0
6930.0 0.0
6940.0 0.0
6950.0 0.0
6960.0 0.0
6970.0 0.0
6980.0 0.0
6990.0 0.0
7000.0 0.0
7010.0 0.0
7020.0 0.0
7030.0 0.0
7040.0 0.0
7050.0 0.0
7060.0 0.0
7070.0 0.0
7080.0 0.0
7090.0 0.0
7100.0 0.0
7110.0 0.0
7120.0 0.0
7130.0 0.0
7140.0 0.0
7150.0 0.0
7160.0 0.0
7170.0 0.0
7180.0 0.0
7190.0 0.0
7200.0 0.0
7210.0 0.0
7220.0 0.0
7230.0 0.0
7240.0 0.0
7250.0 0.0
7260.0 0.0
7270.0 0.0
7280.0 0.0
7290.0 0.0
7300.0 0.0
7310.0 0.0
7320.0 0.0
7330.0 0.0
7340.0 0.0
7350.0 0.0
7360.0 0.0
7370.0 0.0
7380.0 0.0
7390.0 0.0
7400.0 0.0
7410.0 0.0
7420.0 0.0
7430.0 0.0
7440.0 0.0
7450.0 0.0
7460.0 0.0
7470.0 0.0
7480.0 0.0
7490.0 0.0
7500.0 0.0
7510.0 0.0
7520.0 0.0
7530.0 0.0
7540.0 0.0
7550.0 0.0
7560.0 0.0
7570.0 0.0
7580.0 0.0
7590.0 0.0
7600.0 0.0
7610.0 0.0
7620.0 0.0
7630.0 0.0
7640.0 0.0
7650.0 0.0
7660.0 0.0
7670.0 0.0
7680.0 0.0
7690.0 0.0
7700.0 0.0
7710.0 0.0
7720.0 0.0
7730.0 0.0
7740.0 0.0
7750.0 0.0
7760.0 0.0
7770.0 0.0
7780.0 0.0
7790.0 0.0
7800.0 0.0
7810.0 0.0
7820.0 0.0
7830.0 0.0
7840.0 0.0
7850.0 0.0
7860.0 0.0
7870.0 0.0
7880.0 0.0
7890.0 0.0
7900.0 0.0
7910.0 0.0
7920.0 0.0
7930.0 0.0
7940.0 0.0
7950.0 0.0
7960.0 0.0
7970.0 0.0
7980.0 0.0
7990.0 0.0
8000.0 0.0
