# Swift UVOT UVM2 filter

1600.0 0.0024995540734380484
1610.0 0.002699232893064618
1620.0 0.0028989131096750498
1630.0 0.0031993230804800987
1640.0 0.0033990019001066685
1650.0 0.0036985198967158794
1660.0 0.003998931031674147
1670.0 0.0043982891365885735
1680.0 0.004697807133197784
1690.0 0.005097164772450924
1700.0 0.005597255192697048
1710.0 0.0060973442159593105
1720.0 0.006596541963517666
1730.0 0.007196470163762569
1740.0 0.007896238937973976
1750.0 0.008696737699210644
1760.0 0.009496346116065979
1770.0 0.010495630092918873
1780.0 0.011495810002088547
1790.0 0.012695670127868652
1800.0 0.013995359651744366
1810.0 0.015493850223720074
1820.0 0.017093069851398468
1830.0 0.018991800025105476
1840.0 0.021091099828481674
1850.0 0.023290250450372696
1860.0 0.025889640673995018
1870.0 0.028889289125800133
1880.0 0.03010696917772293
1890.0 0.034512389451265335
1900.0 0.040817439556121826
1910.0 0.047014620155096054
1920.0 0.055706899613142014
1930.0 0.06528972089290619
1940.0 0.07737208157777786
1950.0 0.09184347093105316
1960.0 0.1079007014632225
1970.0 0.12673920392990112
1980.0 0.14755840599536896
1990.0 0.16955609619617462
2000.0 0.19425919651985168
2010.0 0.2203707993030548
2020.0 0.24569350481033325
2030.0 0.270227313041687
2040.0 0.2925075888633728
2050.0 0.31088879704475403
2060.0 0.32797110080718994
2070.0 0.3418542146682739
2080.0 0.3539383113384247
2090.0 0.3618175983428955
2100.0 0.36689960956573486
2110.0 0.370881587266922
2120.0 0.3741638958454132
2130.0 0.3745481073856354
2140.0 0.37526649236679077
2150.0 0.3753851056098938
2160.0 0.3753040134906769
2170.0 0.3741236925125122
2180.0 0.37244340777397156
2190.0 0.3724246919155121
2200.0 0.37110719084739685
2210.0 0.36879029870033264
2220.0 0.3677732050418854
2230.0 0.3657568097114563
2240.0 0.36285528540611267
2250.0 0.35975489020347595
2260.0 0.3570539057254791
2270.0 0.3535540997982025
2280.0 0.3488554060459137
2290.0 0.34455248713493347
2300.0 0.34015071392059326
2310.0 0.33504900336265564
2320.0 0.3285478949546814
2330.0 0.3232465982437134
2340.0 0.3172678053379059
2350.0 0.3103877902030945
2360.0 0.304007887840271
2370.0 0.2973257005214691
2380.0 0.2899439036846161
2390.0 0.28174540400505066
2400.0 0.2751461863517761
2410.0 0.26754769682884216
2420.0 0.2584506869316101
2430.0 0.24975310266017914
2440.0 0.24185949563980103
2450.0 0.23266799747943878
2460.0 0.22257530689239502
2470.0 0.2128829061985016
2480.0 0.2030905932188034
2490.0 0.1926957070827484
2500.0 0.182601198554039
2510.0 0.17230699956417084
2520.0 0.16101360321044922
2530.0 0.14991889894008636
2540.0 0.13922539353370667
2550.0 0.12873059511184692
2560.0 0.11833660304546356
2570.0 0.10814139991998672
2580.0 0.09884650260210037
2590.0 0.08985470235347748
2600.0 0.08166073262691498
2610.0 0.07386700063943863
2620.0 0.06677214801311493
2630.0 0.06007666885852814
2640.0 0.05397931858897209
2650.0 0.04858174920082092
2660.0 0.04378410056233406
2670.0 0.039285968989133835
2680.0 0.035588338971138
2690.0 0.03208861127495766
2700.0 0.028889289125800133
2710.0 0.025889640673995018
2720.0 0.023290250450372696
2730.0 0.021091099828481674
2740.0 0.018991800025105476
2750.0 0.017093069851398468
2760.0 0.015493850223720074
2770.0 0.013995359651744366
2780.0 0.012695670127868652
2790.0 0.011495810002088547
2800.0 0.010495630092918873
2810.0 0.009496346116065979
2820.0 0.008696737699210644
2830.0 0.007896238937973976
2840.0 0.007196470163762569
2850.0 0.006596541963517666
2860.0 0.0060973442159593105
2870.0 0.005597255192697048
2880.0 0.005097164772450924
2890.0 0.004697807133197784
2900.0 0.0043982891365885735
2910.0 0.003998931031674147
2920.0 0.0036985198967158794
2930.0 0.0033990019001066685
2940.0 0.0031993230804800987
2950.0 0.0028989131096750498
2960.0 0.002699232893064618
2970.0 0.0024995540734380484
2980.0 0.002398822922259569
2990.0 0.0021991441026329994
3000.0 0.001999465050175786
3010.0 0.0018996259896084666
3020.0 0.0017997859977185726
3030.0 0.0016990549629554152
3040.0 0.0015992160188034177
3050.0 0.0014993760269135237
3060.0 0.0013986449921503663
3070.0 0.0012988060479983687
3080.0 0.0011989660561084747
3090.0 0.001099125947803259
3100.0 0.001099125947803259
3110.0 0.0009992868872359395
3120.0 0.0009992868872359395
3130.0 0.0008994474192149937
3140.0 0.0008994474192149937
3150.0 0.0007987163844518363
3160.0 0.0007987163844518363
3170.0 0.0006988768000155687
3180.0 0.0006988768000155687
3190.0 0.000599037273786962
3200.0 0.000599037273786962
3210.0 0.0005651632091030478
3220.0 0.0005321804201230407
3230.0 0.0004991976893506944
3240.0 0.0004786950012203306
3250.0 0.0004590835887938738
3260.0 0.00043858090066350996
3270.0 0.00041896948823705316
3280.0 0.0003993581922259182
3290.0 0.0003788553876802325
3300.0 0.00035924409166909754
3310.0 0.00033963279565796256
3320.0 0.0003191299911122769
3330.0 0.00029951860778965056
3340.0 0.00029951860778965056
3350.0 0.00029951860778965056
3360.0 0.00029951860778965056
3370.0 0.00029951860778965056
3380.0 0.00029951860778965056
3390.0 0.0002790158905554563
3400.0 0.00025940450723282993
3410.0 0.00023979319666977972
3420.0 0.0002192904066760093
3430.0 0.0001996790961129591
3440.0 0.0001996790961129591
3450.0 0.0001996790961129591
3460.0 0.0001996790961129591
3470.0 0.0001996790961129591
3480.0 0.0001996790961129591
3490.0 0.0001996790961129591
3500.0 0.0001996790961129591
3510.0 0.0001996790961129591
3520.0 0.0001996790961129591
3530.0 0.0001996790961129591
3540.0 0.00017917630611918867
3550.0 0.00015956499555613846
3560.0 0.00013995369954500347
3570.0 0.00011945090227527544
3580.0 9.983954805647954e-05
3590.0 9.983954805647954e-05
3600.0 9.983954805647954e-05
3610.0 9.983954805647954e-05
3620.0 9.983954805647954e-05
3630.0 9.983954805647954e-05
3640.0 9.983954805647954e-05
3650.0 9.983954805647954e-05
3660.0 9.983954805647954e-05
3670.0 9.983954805647954e-05
3680.0 9.983954805647954e-05
3690.0 9.983954805647954e-05
3700.0 9.983954805647954e-05
3710.0 9.983954805647954e-05
3720.0 9.983954805647954e-05
3730.0 9.983954805647954e-05
3740.0 9.983954805647954e-05
3750.0 9.983954805647954e-05
3760.0 9.983954805647954e-05
3770.0 9.983954805647954e-05
3780.0 9.983954805647954e-05
3790.0 9.983954805647954e-05
3800.0 9.983954805647954e-05
3810.0 9.983954805647954e-05
3820.0 9.983954805647954e-05
3830.0 9.983954805647954e-05
3840.0 9.983954805647954e-05
3850.0 9.983954805647954e-05
3860.0 9.983954805647954e-05
3870.0 9.983954805647954e-05
3880.0 9.983954805647954e-05
3890.0 9.983954805647954e-05
3900.0 9.983954805647954e-05
3910.0 9.983954805647954e-05
3920.0 9.983954805647954e-05
3930.0 9.983954805647954e-05
3940.0 9.983954805647954e-05
3950.0 9.983954805647954e-05
3960.0 9.983954805647954e-05
3970.0 9.983954805647954e-05
3980.0 9.983954805647954e-05
3990.0 9.983954805647954e-05
4000.0 9.983954805647954e-05
4010.0 9.983954805647954e-05
4020.0 9.983954805647954e-05
4030.0 9.983954805647954e-05
4040.0 9.983954805647954e-05
4050.0 9.983954805647954e-05
4060.0 9.983954805647954e-05
4070.0 9.983954805647954e-05
4080.0 9.983954805647954e-05
4090.0 9.983954805647954e-05
4100.0 9.983954805647954e-05
4110.0 9.983954805647954e-05
4120.0 9.983954805647954e-05
4130.0 9.983954805647954e-05
4140.0 9.983954805647954e-05
4150.0 9.983954805647954e-05
4160.0 9.983954805647954e-05
4170.0 9.983954805647954e-05
4180.0 9.983954805647954e-05
4190.0 9.983954805647954e-05
4200.0 9.983954805647954e-05
4210.0 9.983954805647954e-05
4220.0 9.983954805647954e-05
4230.0 9.983954805647954e-05
4240.0 9.983954805647954e-05
4250.0 9.983954805647954e-05
4260.0 9.983954805647954e-05
4270.0 9.983954805647954e-05
4280.0 9.983954805647954e-05
4290.0 9.983954805647954e-05
4300.0 9.983954805647954e-05
4310.0 9.983954805647954e-05
4320.0 9.983954805647954e-05
4330.0 9.983954805647954e-05
4340.0 9.983954805647954e-05
4350.0 9.983954805647954e-05
4360.0 9.983954805647954e-05
4370.0 9.983954805647954e-05
4380.0 9.983954805647954e-05
4390.0 9.983954805647954e-05
4400.0 9.983954805647954e-05
4410.0 9.983954805647954e-05
4420.0 9.983954805647954e-05
4430.0 9.983954805647954e-05
4440.0 9.983954805647954e-05
4450.0 9.983954805647954e-05
4460.0 9.983954805647954e-05
4470.0 9.983954805647954e-05
4480.0 9.983954805647954e-05
4490.0 9.983954805647954e-05
4500.0 9.983954805647954e-05
4510.0 9.983954805647954e-05
4520.0 9.983954805647954e-05
4530.0 9.983954805647954e-05
4540.0 9.983954805647954e-05
4550.0 9.983954805647954e-05
4560.0 9.983954805647954e-05
4570.0 9.983954805647954e-05
4580.0 9.983954805647954e-05
4590.0 9.983954805647954e-05
4600.0 9.983954805647954e-05
4610.0 9.983954805647954e-05
4620.0 9.983954805647954e-05
4630.0 9.983954805647954e-05
4640.0 9.983954805647954e-05
4650.0 9.983954805647954e-05
4660.0 9.983954805647954e-05
4670.0 9.983954805647954e-05
4680.0 9.983954805647954e-05
4690.0 9.983954805647954e-05
4700.0 9.983954805647954e-05
4710.0 9.983954805647954e-05
4720.0 9.983954805647954e-05
4730.0 9.983954805647954e-05
4740.0 9.983954805647954e-05
4750.0 9.983954805647954e-05
4760.0 9.983954805647954e-05
4770.0 9.983954805647954e-05
4780.0 9.983954805647954e-05
4790.0 9.983954805647954e-05
4800.0 9.983954805647954e-05
4810.0 9.983954805647954e-05
4820.0 9.983954805647954e-05
4830.0 9.983954805647954e-05
4840.0 9.983954805647954e-05
4850.0 9.983954805647954e-05
4860.0 9.983954805647954e-05
4870.0 9.983954805647954e-05
4880.0 9.983954805647954e-05
4890.0 9.983954805647954e-05
4900.0 9.983954805647954e-05
4910.0 9.983954805647954e-05
4920.0 9.983954805647954e-05
4930.0 9.983954805647954e-05
4940.0 9.983954805647954e-05
4950.0 9.983954805647954e-05
4960.0 9.983954805647954e-05
4970.0 9.983954805647954e-05
4980.0 9.983954805647954e-05
4990.0 9.983954805647954e-05
5000.0 9.983954805647954e-05
5010.0 9.983954805647954e-05
5020.0 9.983954805647954e-05
5030.0 9.983954805647954e-05
5040.0 9.983954805647954e-05
5050.0 9.983954805647954e-05
5060.0 9.983954805647954e-05
5070.0 9.983954805647954e-05
5080.0 9.983954805647954e-05
5090.0 9.983954805647954e-05
5100.0 9.983954805647954e-05
5110.0 9.983954805647954e-05
5120.0 9.983954805647954e-05
5130.0 9.983954805647954e-05
5140.0 9.983954805647954e-05
5150.0 9.983954805647954e-05
5160.0 9.983954805647954e-05
5170.0 9.983954805647954e-05
5180.0 9.983954805647954e-05
5190.0 9.983954805647954e-05
5200.0 9.983954805647954e-05
5210.0 9.983954805647954e-05
5220.0 9.983954805647954e-05
5230.0 9.983954805647954e-05
5240.0 9.983954805647954e-05
5250.0 9.983954805647954e-05
5260.0 9.983954805647954e-05
5270.0 9.983954805647954e-05
5280.0 9.983954805647954e-05
5290.0 9.983954805647954e-05
5300.0 9.983954805647954e-05
5310.0 9.983954805647954e-05
5320.0 9.983954805647954e-05
5330.0 9.983954805647954e-05
5340.0 9.983954805647954e-05
5350.0 9.983954805647954e-05
5360.0 9.983954805647954e-05
5370.0 9.983954805647954e-05
5380.0 9.983954805647954e-05
5390.0 9.983954805647954e-05
5400.0 9.983954805647954e-05
5410.0 9.983954805647954e-05
5420.0 9.983954805647954e-05
5430.0 9.983954805647954e-05
5440.0 9.983954805647954e-05
5450.0 9.983954805647954e-05
5460.0 9.983954805647954e-05
5470.0 9.983954805647954e-05
5480.0 9.983954805647954e-05
5490.0 9.983954805647954e-05
5500.0 9.983954805647954e-05
5510.0 9.983954805647954e-05
5520.0 9.983954805647954e-05
5530.0 9.983954805647954e-05
5540.0 9.983954805647954e-05
5550.0 9.983954805647954e-05
5560.0 9.983954805647954e-05
5570.0 9.983954805647954e-05
5580.0 9.983954805647954e-05
5590.0 9.983954805647954e-05
5600.0 9.983954805647954e-05
5610.0 9.983954805647954e-05
5620.0 9.983954805647954e-05
5630.0 9.983954805647954e-05
5640.0 9.983954805647954e-05
5650.0 9.983954805647954e-05
5660.0 9.983954805647954e-05
5670.0 9.983954805647954e-05
5680.0 9.983954805647954e-05
5690.0 9.983954805647954e-05
5700.0 9.983954805647954e-05
5710.0 9.983954805647954e-05
5720.0 9.983954805647954e-05
5730.0 9.983954805647954e-05
5740.0 9.983954805647954e-05
5750.0 9.983954805647954e-05
5760.0 9.983954805647954e-05
5770.0 9.983954805647954e-05
5780.0 9.983954805647954e-05
5790.0 9.983954805647954e-05
5800.0 9.983954805647954e-05
5810.0 9.983954805647954e-05
5820.0 9.983954805647954e-05
5830.0 9.983954805647954e-05
5840.0 9.983954805647954e-05
5850.0 9.983954805647954e-05
5860.0 9.983954805647954e-05
5870.0 9.983954805647954e-05
5880.0 9.983954805647954e-05
5890.0 9.983954805647954e-05
5900.0 9.983954805647954e-05
5910.0 9.983954805647954e-05
5920.0 9.983954805647954e-05
5930.0 9.983954805647954e-05
5940.0 9.983954805647954e-05
5950.0 9.983954805647954e-05
5960.0 9.983954805647954e-05
5970.0 9.983954805647954e-05
5980.0 9.983954805647954e-05
5990.0 9.983954805647954e-05
6000.0 9.983954805647954e-05
6010.0 9.983954805647954e-05
6020.0 9.983954805647954e-05
6030.0 9.983954805647954e-05
6040.0 9.983954805647954e-05
6050.0 9.983954805647954e-05
6060.0 9.983954805647954e-05
6070.0 9.983954805647954e-05
6080.0 9.983954805647954e-05
6090.0 9.983954805647954e-05
6100.0 9.983954805647954e-05
6110.0 9.983954805647954e-05
6120.0 9.983954805647954e-05
6130.0 9.983954805647954e-05
6140.0 9.983954805647954e-05
6150.0 9.983954805647954e-05
6160.0 9.983954805647954e-05
6170.0 9.983954805647954e-05
6180.0 9.983954805647954e-05
6190.0 9.983954805647954e-05
6200.0 9.983954805647954e-05
6210.0 9.983954805647954e-05
6220.0 9.983954805647954e-05
6230.0 9.983954805647954e-05
6240.0 9.983954805647954e-05
6250.0 9.983954805647954e-05
6260.0 9.983954805647954e-05
6270.0 9.983954805647954e-05
6280.0 9.983954805647954e-05
6290.0 9.983954805647954e-05
6300.0 9.983954805647954e-05
6310.0 9.983954805647954e-05
6320.0 9.983954805647954e-05
6330.0 9.983954805647954e-05
6340.0 9.983954805647954e-05
6350.0 9.983954805647954e-05
6360.0 9.983954805647954e-05
6370.0 9.983954805647954e-05
6380.0 9.983954805647954e-05
6390.0 9.983954805647954e-05
6400.0 9.983954805647954e-05
6410.0 9.983954805647954e-05
6420.0 9.983954805647954e-05
6430.0 9.983954805647954e-05
6440.0 9.983954805647954e-05
6450.0 9.983954805647954e-05
6460.0 9.983954805647954e-05
6470.0 9.983954805647954e-05
6480.0 9.983954805647954e-05
6490.0 9.983954805647954e-05
6500.0 9.983954805647954e-05
6510.0 9.983954805647954e-05
6520.0 9.983954805647954e-05
6530.0 9.983954805647954e-05
6540.0 9.983954805647954e-05
6550.0 9.983954805647954e-05
6560.0 9.983954805647954e-05
6570.0 9.983954805647954e-05
6580.0 9.983954805647954e-05
6590.0 9.983954805647954e-05
6600.0 9.983954805647954e-05
6610.0 9.983954805647954e-05
6620.0 9.983954805647954e-05
6630.0 9.983954805647954e-05
6640.0 9.983954805647954e-05
6650.0 9.983954805647954e-05
6660.0 9.983954805647954e-05
6670.0 9.983954805647954e-05
6680.0 9.983954805647954e-05
6690.0 9.983954805647954e-05
6700.0 9.983954805647954e-05
6710.0 9.983954805647954e-05
6720.0 9.983954805647954e-05
6730.0 9.983954805647954e-05
6740.0 9.983954805647954e-05
6750.0 9.983954805647954e-05
6760.0 9.983954805647954e-05
6770.0 9.983954805647954e-05
6780.0 9.983954805647954e-05
6790.0 9.983954805647954e-05
6800.0 9.983954805647954e-05
6810.0 9.983954805647954e-05
6820.0 9.983954805647954e-05
6830.0 9.983954805647954e-05
6840.0 9.983954805647954e-05
6850.0 9.983954805647954e-05
6860.0 9.983954805647954e-05
6870.0 9.983954805647954e-05
6880.0 9.983954805647954e-05
6890.0 9.983954805647954e-05
6900.0 9.983954805647954e-05
6910.0 9.983954805647954e-05
6920.0 9.983954805647954e-05
6930.0 9.983954805647954e-05
6940.0 9.983954805647954e-05
6950.0 9.983954805647954e-05
6960.0 9.983954805647954e-05
6970.0 9.983954805647954e-05
6980.0 9.983954805647954e-05
6990.0 9.983954805647954e-05
7000.0 9.983954805647954e-05
7010.0 0.0
7020.0 0.0
7030.0 0.0
7040.0 0.0
7050.0 0.0
7060.0 0.0
7070.0 0.0
7080.0 0.0
7090.0 0.0
7100.0 0.0
7110.0 0.0
7120.0 0.0
7130.0 0.0
7140.0 0.0
7150.0 0.0
7160.0 0.0
7170.0 0.0
7180.0 0.0
7190.0 0.0
7200.0 0.0
7210.0 0.0
7220.0 0.0
7230.0 0.0
7240.0 0.0
7250.0 0.0
7260.0 0.0
7270.0 0.0
7280.0 0.0
7290.0 0.0
7300.0 0.0
7310.0 0.0
7320.0 0.0
7330.0 0.0
7340.0 0.0
7350.0 0.0
7360.0 0.0
7370.0 0.0
7380.0 0.0
7390.0 0.0
7400.0 0.0
7410.0 0.0
7420.0 0.0
7430.0 0.0
7440.0 0.0
7450.0 0.0
7460.0 0.0
7470.0 0.0
7480.0 0.0
7490.0 0.0
7500.0 0.0
7510.0 0.0
7520.0 0.0
7530.0 0.0
7540.0 0.0
7550.0 0.0
7560.0 0.0
7570.0 0.0
7580.0 0.0
7590.0 0.0
7600.0 0.0
7610.0 0.0
7620.0 0.0
7630.0 0.0
7640.0 0.0
7650.0 0.0
7660.0 0.0
7670.0 0.0
7680.0 0.0
7690.0 0.0
7700.0 0.0
7710.0 0.0
7720.0 0.0
7730.0 0.0
7740.0 0.0
7750.0 0.0
7760.0 0.0
7770.0 0.0
7780.0 0.0
7790.0 0.0
7800.0 0.0
7810.0 0.0
7820.0 0.0
7830.0 0.0
7840.0 0.0
7850.0 0.0
7860.0 0.0
7870.0 0.0
7880.0 0.0
7890.0 0.0
7900.0 0.0
7910.0 0.0
7920.0 0.0
7930.0 0.0
7940.0 0.0
7950.0 0.0
7960.0 0.0
7970.0 0.0
7980.0 0.0
7990.0 0.0
8000.0 0.0
