# Swift UVOT UVW1 filter

1600.0 0.017565790563821793
1610.0 0.01796492002904415
1620.0 0.018364060670137405
1630.0 0.018763190135359764
1640.0 0.019162319600582123
1650.0 0.019660739228129387
1660.0 0.020160149782896042
1670.0 0.0205592792481184
1680.0 0.02115699090063572
1690.0 0.021654410287737846
1700.0 0.02215282991528511
1710.0 0.022650260478258133
1720.0 0.023247959092259407
1730.0 0.023844679817557335
1740.0 0.024541670456528664
1750.0 0.025139369070529938
1760.0 0.025835370644927025
1770.0 0.026532359421253204
1780.0 0.027231339365243912
1790.0 0.028030600398778915
1800.0 0.028730569407343864
1810.0 0.029529830440878868
1820.0 0.030428370460867882
1830.0 0.031230609863996506
1840.0 0.03213213011622429
1850.0 0.03313294053077698
1860.0 0.03413473814725876
1870.0 0.03503726050257683
1880.0 0.036133378744125366
1890.0 0.03882503882050514
1900.0 0.03981493040919304
1910.0 0.04050198942422867
1920.0 0.04199029877781868
1930.0 0.04307650029659271
1940.0 0.044667068868875504
1950.0 0.04605609178543091
1960.0 0.04774494841694832
1970.0 0.04953112080693245
1980.0 0.0516151487827301
1990.0 0.05332288146018982
2000.0 0.05543072894215584
2010.0 0.05763985961675644
2020.0 0.05984899029135704
2030.0 0.062460221350193024
2040.0 0.06525713205337524
2050.0 0.06795375049114227
2060.0 0.0712500736117363
2070.0 0.07454638928174973
2080.0 0.07824183255434036
2090.0 0.08223514258861542
2100.0 0.08652830123901367
2110.0 0.09122157096862793
2120.0 0.0960131511092186
2130.0 0.10150370001792908
2140.0 0.10700420290231705
2150.0 0.11310440301895142
2160.0 0.11970490217208862
2170.0 0.12690520286560059
2180.0 0.13410639762878418
2190.0 0.14129480719566345
2200.0 0.14948099851608276
2210.0 0.1583660989999771
2220.0 0.16765040159225464
2230.0 0.17763270437717438
2240.0 0.18782049417495728
2250.0 0.19850869476795197
2260.0 0.20969529449939728
2270.0 0.22108249366283417
2280.0 0.23296810686588287
2290.0 0.24504829943180084
2300.0 0.2570292055606842
2310.0 0.26901018619537354
2320.0 0.2814914882183075
2330.0 0.29357269406318665
2340.0 0.30437710881233215
2350.0 0.3156827986240387
2360.0 0.3269895911216736
2370.0 0.33759939670562744
2380.0 0.3475111126899719
2390.0 0.356502503156662
2400.0 0.3651941120624542
2410.0 0.3725860118865967
2420.0 0.37937819957733154
2430.0 0.3852708041667938
2440.0 0.3903721868991852
2450.0 0.39467328786849976
2460.0 0.39817509055137634
2470.0 0.4005779027938843
2480.0 0.40258049964904785
2490.0 0.40398040413856506
2500.0 0.40458008646965027
2510.0 0.40477970242500305
2520.0 0.4043794870376587
2530.0 0.4037798047065735
2540.0 0.4022805988788605
2550.0 0.4010812044143677
2560.0 0.39908260107040405
2570.0 0.39708399772644043
2580.0 0.39478549361228943
2590.0 0.3923985958099365
2600.0 0.3896116018295288
2610.0 0.38682469725608826
2620.0 0.38373690843582153
2630.0 0.3805497884750366
2640.0 0.377054899930954
2650.0 0.37376049160957336
2660.0 0.3700650930404663
2670.0 0.36617010831832886
2680.0 0.3628748059272766
2690.0 0.3585697114467621
2700.0 0.35436388850212097
2710.0 0.34995850920677185
2720.0 0.3453536033630371
2730.0 0.34054920077323914
2740.0 0.3356572985649109
2750.0 0.3304665982723236
2760.0 0.32457488775253296
2770.0 0.3194834887981415
2780.0 0.3136920928955078
2790.0 0.30778759717941284
2800.0 0.3018839955329895
2810.0 0.29558029770851135
2820.0 0.2890770137310028
2830.0 0.28267401456832886
2840.0 0.2758747935295105
2850.0 0.2690747082233429
2860.0 0.2621752917766571
2870.0 0.2551766037940979
2880.0 0.2486772984266281
2890.0 0.2416905015707016
2900.0 0.2346024066209793
2910.0 0.22751429677009583
2920.0 0.22052650153636932
2930.0 0.21363699436187744
2940.0 0.20653699338436127
2950.0 0.19953730702400208
2960.0 0.19263790547847748
2970.0 0.1860383003950119
2980.0 0.17953799664974213
2990.0 0.1730407029390335
3000.0 0.16684220731258392
3010.0 0.1609445959329605
3020.0 0.1549466997385025
3030.0 0.14904910326004028
3040.0 0.14363500475883484
3050.0 0.1381216049194336
3060.0 0.1327105015516281
3070.0 0.12760019302368164
3080.0 0.12278980016708374
3090.0 0.11819379776716232
3100.0 0.11359880119562149
3110.0 0.1094018965959549
3120.0 0.10560519993305206
3130.0 0.10140939801931381
3140.0 0.0975918099284172
3150.0 0.09387650340795517
3160.0 0.09036274254322052
3170.0 0.08694926649332047
3180.0 0.08363707363605499
3190.0 0.08064457029104233
3200.0 0.07585597783327103
3210.0 0.07316233217716217
3220.0 0.07046867907047272
3230.0 0.06797459721565247
3240.0 0.06556987762451172
3250.0 0.06326544284820557
3260.0 0.06096199154853821
3270.0 0.05885811150074005
3280.0 0.05685548856854439
3290.0 0.054968059062957764
3300.0 0.052980341017246246
3310.0 0.05129146948456764
3320.0 0.049601610749959946
3330.0 0.048011038452386856
3340.0 0.04641253128647804
3350.0 0.04491230845451355
3360.0 0.04351336136460304
3370.0 0.042113419622182846
3380.0 0.04081474989652634
3390.0 0.03952005133032799
3400.0 0.038324639201164246
3410.0 0.03722850978374481
3420.0 0.036133378744125366
3430.0 0.03503726050257683
3440.0 0.03413473814725876
3450.0 0.03313294053077698
3460.0 0.03213213011622429
3470.0 0.031230609863996506
3480.0 0.030428370460867882
3490.0 0.029529830440878868
3500.0 0.028730569407343864
3510.0 0.028030600398778915
3520.0 0.027231339365243912
3530.0 0.026532359421253204
3540.0 0.025835370644927025
3550.0 0.025139369070529938
3560.0 0.024541670456528664
3570.0 0.023844679817557335
3580.0 0.023247959092259407
3590.0 0.022650260478258133
3600.0 0.02215282991528511
3610.0 0.021654410287737846
3620.0 0.02115699090063572
3630.0 0.0205592792481184
3640.0 0.020160149782896042
3650.0 0.019660739228129387
3660.0 0.019162319600582123
3670.0 0.018763190135359764
3680.0 0.018364060670137405
3690.0 0.01796492002904415
3700.0 0.017565790563821793
3710.0 0.017166659235954285
3720.0 0.016767529770731926
3730.0 0.016467679291963577
3740.0 0.016067560762166977
3750.0 0.015767710283398628
3760.0 0.015367579646408558
3770.0 0.015167029574513435
3780.0 0.014866190031170845
3790.0 0.014467050321400166
3800.0 0.014166220091283321
3810.0 0.013866369612514973
3820.0 0.013566520065069199
3830.0 0.013365969993174076
3840.0 0.013067110441625118
3850.0 0.012867550365626812
3860.0 0.01256868988275528
3870.0 0.012369129806756973
3880.0 0.012170550413429737
3890.0 0.011970000341534615
3900.0 0.011671139858663082
3910.0 0.011470579542219639
3920.0 0.011271020397543907
3930.0 0.01107145007699728
3940.0 0.010871890000998974
3950.0 0.010672319680452347
3960.0 0.010472750291228294
3970.0 0.010274180211126804
3980.0 0.010173900052905083
3990.0 0.009975327178835869
4000.0 0.00977576058357954
4010.0 0.009676475077867508
4020.0 0.009543430991470814
4030.0 0.009411378763616085
4040.0 0.009278334677219391
4050.0 0.009111533872783184
4060.0 0.008945724926888943
4070.0 0.008778924122452736
4080.0 0.008645880036056042
4090.0 0.008512835018336773
4100.0 0.008379790931940079
4110.0 0.008246746845543385
4120.0 0.00811370275914669
4130.0 0.007980658672749996
4140.0 0.007881373167037964
4150.0 0.007781093008816242
4160.0 0.007680812850594521
4170.0 0.007581526879221201
4180.0 0.007481247186660767
4190.0 0.007381961215287447
4200.0 0.007248917128890753
4210.0 0.007115873042494059
4220.0 0.00698382081463933
4230.0 0.006916306912899017
4240.0 0.006849783938378096
4250.0 0.0067832618951797485
4260.0 0.006682983133941889
4270.0 0.006582702975720167
4280.0 0.0064824242144823074
4290.0 0.006383136846125126
4300.0 0.006283850874751806
4310.0 0.006185557227581739
4320.0 0.006119035184383392
4330.0 0.006053505931049585
4340.0 0.005986983887851238
4350.0 0.005887696985155344
4360.0 0.005787418223917484
4370.0 0.005688130855560303
4380.0 0.005621608812361956
4390.0 0.0055550867691636086
4400.0 0.005488565191626549
4410.0 0.005422043148428202
4420.0 0.00535651296377182
4430.0 0.005289990920573473
4440.0 0.0052234698086977005
4450.0 0.005155954975634813
4460.0 0.005089432932436466
4470.0 0.0050229099579155445
4480.0 0.004955396056175232
4490.0 0.00488887308165431
4500.0 0.00485511589795351
4510.0 0.004821359179913998
4520.0 0.004787601064890623
4530.0 0.004722071811556816
4540.0 0.004655549768358469
4550.0 0.004589028190821409
4560.0 0.004522506147623062
4570.0 0.004455984104424715
4580.0 0.004390454851090908
4590.0 0.004356697201728821
4600.0 0.004323932807892561
4610.0 0.004290175158530474
4620.0 0.004257411230355501
4630.0 0.004223653115332127
4640.0 0.004189895931631327
4650.0 0.004124366212636232
4660.0 0.00405784510076046
4670.0 0.003991322126239538
4680.0 0.003957564942538738
4690.0 0.003924800083041191
4700.0 0.003892035922035575
4710.0 0.003858278039842844
4720.0 0.0038255141116678715
4730.0 0.0037927490193396807
4740.0 0.0037450920790433884
4750.0 0.003697433974593878
4760.0 0.003649776102975011
4770.0 0.0035971549805253744
4780.0 0.003545525949448347
4790.0 0.003492903895676136
4800.0 0.003459146013483405
4810.0 0.0034263820853084326
4820.0 0.0033936169929802418
4830.0 0.003359859110787511
4840.0 0.0033270949497818947
4850.0 0.0032933370675891638
4860.0 0.0032605729065835476
4870.0 0.0032268150243908167
4880.0 0.003194051096215844
4890.0 0.0031602929811924696
4900.0 0.0031265360303223133
4910.0 0.0030927779152989388
4920.0 0.0030600139871239662
4930.0 0.0030262561049312353
4940.0 0.002993491943925619
4950.0 0.002993491943925619
4960.0 0.002993491943925619
4970.0 0.002993491943925619
4980.0 0.002960727084428072
4990.0 0.002926969900727272
5000.0 0.002894205041229725
5010.0 0.0028604480903595686
5020.0 0.002827682998031378
5030.0 0.0027939260471612215
5040.0 0.0027611609548330307
5050.0 0.0027274040039628744
5060.0 0.0026946389116346836
5070.0 0.0026946389116346836
5080.0 0.0026946389116346836
5090.0 0.0026946389116346836
5100.0 0.002661874983459711
5110.0 0.00262811710126698
5120.0 0.0025953520089387894
5130.0 0.002561595058068633
5140.0 0.0025278369430452585
5150.0 0.002495073014870286
5160.0 0.002495073014870286
5170.0 0.002495073014870286
5180.0 0.0024940799921751022
5190.0 0.0024613160640001297
5200.0 0.002428550971671939
5210.0 0.002394793089479208
5220.0 0.002362028928473592
5230.0 0.002328271046280861
5240.0 0.0022955068852752447
5250.0 0.0022955068852752447
5260.0 0.0022955068852752447
5270.0 0.0022955068852752447
5280.0 0.002261749003082514
5290.0 0.0022289850749075413
5300.0 0.0021952269598841667
5310.0 0.0021952269598841667
5320.0 0.0021952269598841667
5330.0 0.0021952269598841667
5340.0 0.002162463031709194
5350.0 0.0021287049166858196
5360.0 0.002095940988510847
5370.0 0.002095940988510847
5380.0 0.002095940988510847
5390.0 0.002095940988510847
5400.0 0.002062183106318116
5410.0 0.0020294189453125
5420.0 0.001995661063119769
5430.0 0.001995661063119769
5440.0 0.001995661063119769
5450.0 0.001996654085814953
5460.0 0.001996654085814953
5470.0 0.001996654085814953
5480.0 0.001996654085814953
5490.0 0.0019638899248093367
5500.0 0.0019301320426166058
5510.0 0.001897366950288415
5520.0 0.001897366950288415
5530.0 0.001897366950288415
5540.0 0.001897366950288415
5550.0 0.001897366950288415
5560.0 0.0018963749753311276
5570.0 0.0018963749753311276
5580.0 0.0018636099994182587
5590.0 0.0018298530485481024
5600.0 0.0017970879562199116
5610.0 0.0017970879562199116
5620.0 0.0017970879562199116
5630.0 0.0017970879562199116
5640.0 0.0017633299576118588
5650.0 0.0017305660294368863
5660.0 0.0016968080308288336
5670.0 0.0016968080308288336
5680.0 0.0016968080308288336
5690.0 0.0016968080308288336
5700.0 0.0016968080308288336
5710.0 0.0016968080308288336
5720.0 0.0016968080308288336
5730.0 0.0016640439862385392
5740.0 0.0016302859876304865
5750.0 0.0015975219430401921
5760.0 0.0015975219430401921
5770.0 0.0015975219430401921
5780.0 0.0015975219430401921
5790.0 0.0015965290367603302
5800.0 0.0015965290367603302
5810.0 0.0015965290367603302
5820.0 0.0015965290367603302
5830.0 0.0015965290367603302
5840.0 0.0015965290367603302
5850.0 0.0015637639444321394
5860.0 0.0015300069935619831
5870.0 0.0014972420176491141
5880.0 0.0014972420176491141
5890.0 0.0014972420176491141
5900.0 0.0014972420176491141
5910.0 0.0014972420176491141
5920.0 0.0014972420176491141
5930.0 0.0014972420176491141
5940.0 0.001463484950363636
5950.0 0.001430719974450767
5960.0 0.0013969630235806108
5970.0 0.0013979560462757945
5980.0 0.0013979560462757945
5990.0 0.0013979560462757945
6000.0 0.0013979560462757945
6010.0 0.0013979560462757945
6020.0 0.0013979560462757945
6030.0 0.0013979560462757945
6040.0 0.0013979560462757945
6050.0 0.0013979560462757945
6060.0 0.0013979560462757945
6070.0 0.0013979560462757945
6080.0 0.0013979560462757945
6090.0 0.0013641980476677418
6100.0 0.0013314340030774474
6110.0 0.0012976760044693947
6120.0 0.0012976760044693947
6130.0 0.0012976760044693947
6140.0 0.0012976760044693947
6150.0 0.0012976760044693947
6160.0 0.0012976760044693947
6170.0 0.0012976760044693947
6180.0 0.0012976760044693947
6190.0 0.0012976760044693947
6200.0 0.0012976760044693947
6210.0 0.0012976760044693947
6220.0 0.0012976760044693947
6230.0 0.0012976760044693947
6240.0 0.0012976760044693947
6250.0 0.0012976760044693947
6260.0 0.0012976760044693947
6270.0 0.0012649119598791003
6280.0 0.0012311539612710476
6290.0 0.001198390033096075
6300.0 0.001198390033096075
6310.0 0.0011973970104008913
6320.0 0.0011973970104008913
6330.0 0.0011973970104008913
6340.0 0.0011973970104008913
6350.0 0.0011973970104008913
6360.0 0.001198390033096075
6370.0 0.001198390033096075
6380.0 0.001198390033096075
6390.0 0.001198390033096075
6400.0 0.001198390033096075
6410.0 0.001198390033096075
6420.0 0.001198390033096075
6430.0 0.001198390033096075
6440.0 0.001198390033096075
6450.0 0.001198390033096075
6460.0 0.001198390033096075
6470.0 0.001198390033096075
6480.0 0.001198390033096075
6490.0 0.001198390033096075
6500.0 0.001198390033096075
6510.0 0.0011646320344880223
6520.0 0.001131867989897728
6530.0 0.001099103013984859
6540.0 0.0010981099912896752
6550.0 0.0010981099912896752
6560.0 0.0010981099912896752
6570.0 0.0010981099912896752
6580.0 0.0010981099912896752
6590.0 0.0010981099912896752
6600.0 0.0010981099912896752
6610.0 0.0010981099912896752
6620.0 0.0010981099912896752
6630.0 0.0010981099912896752
6640.0 0.0010981099912896752
6650.0 0.0010981099912896752
6660.0 0.0010981099912896752
6670.0 0.0010981099912896752
6680.0 0.0010981099912896752
6690.0 0.0010981099912896752
6700.0 0.0010981099912896752
6710.0 0.0010981099912896752
6720.0 0.0010981099912896752
6730.0 0.0010981099912896752
6740.0 0.0010981099912896752
6750.0 0.0010981099912896752
6760.0 0.0010981099912896752
6770.0 0.001099103013984859
6780.0 0.0010981099912896752
6790.0 0.0010981099912896752
6800.0 0.0010981099912896752
6810.0 0.0010653459466993809
6820.0 0.0010315879480913281
6830.0 0.0009988235542550683
6840.0 0.0010315879480913281
6850.0 0.0010653459466993809
6860.0 0.001099103013984859
6870.0 0.0010653459466993809
6880.0 0.001032580970786512
6890.0 0.0009988235542550683
6900.0 0.0009988235542550683
6910.0 0.0009988235542550683
6920.0 0.0009988235542550683
6930.0 0.0009988235542550683
6940.0 0.0009988235542550683
6950.0 0.0009988235542550683
6960.0 0.0009988235542550683
6970.0 0.0009988235542550683
6980.0 0.0009988235542550683
6990.0 0.0009988235542550683
7000.0 0.0009988235542550683
7010.0 0.0009928663494065404
7020.0 0.0009928663494065404
7030.0 0.0009928663494065404
7040.0 0.0009928663494065404
7050.0 0.0009928663494065404
7060.0 0.0009928663494065404
7070.0 0.0009928663494065404
7080.0 0.0009928663494065404
7090.0 0.0009928663494065404
7100.0 0.0009928663494065404
7110.0 0.0009928663494065404
7120.0 0.0009928663494065404
7130.0 0.0009928663494065404
7140.0 0.0009928663494065404
7150.0 0.0009928663494065404
7160.0 0.0009928663494065404
7170.0 0.0009928663494065404
7180.0 0.0009928663494065404
7190.0 0.0009928663494065404
7200.0 0.0009928663494065404
7210.0 0.0009928663494065404
7220.0 0.0009928663494065404
7230.0 0.0010259619448333979
7240.0 0.0010590569581836462
7250.0 0.001092153019271791
7260.0 0.001092153019271791
7270.0 0.001092153019271791
7280.0 0.001092153019271791
7290.0 0.001092153019271791
7300.0 0.001092153019271791
7310.0 0.001092153019271791
7320.0 0.001092153019271791
7330.0 0.001092153019271791
7340.0 0.001092153019271791
7350.0 0.001092153019271791
7360.0 0.001092153019271791
7370.0 0.001092153019271791
7380.0 0.001092153019271791
7390.0 0.001092153019271791
7400.0 0.001092153019271791
7410.0 0.001092153019271791
7420.0 0.001092153019271791
7430.0 0.001092153019271791
7440.0 0.0010590569581836462
7450.0 0.0010259619448333979
7460.0 0.0009928663494065404
7470.0 0.0009928663494065404
7480.0 0.0009928663494065404
7490.0 0.0009928663494065404
7500.0 0.0009928663494065404
7510.0 0.0009928663494065404
7520.0 0.0009928663494065404
7530.0 0.0010259619448333979
7540.0 0.0010590569581836462
7550.0 0.001092153019271791
7560.0 0.001092153019271791
7570.0 0.001092153019271791
7580.0 0.001092153019271791
7590.0 0.001092153019271791
7600.0 0.001092153019271791
7610.0 0.001092153019271791
7620.0 0.001092153019271791
7630.0 0.001092153019271791
7640.0 0.001092153019271791
7650.0 0.001092153019271791
7660.0 0.001092153019271791
7670.0 0.001092153019271791
7680.0 0.0011252480326220393
7690.0 0.0011583439772948623
7700.0 0.001191440038383007
7710.0 0.001191440038383007
7720.0 0.001191440038383007
7730.0 0.001191440038383007
7740.0 0.001191440038383007
7750.0 0.001191440038383007
7760.0 0.001191440038383007
7770.0 0.001191440038383007
7780.0 0.001191440038383007
7790.0 0.001191440038383007
7800.0 0.001191440038383007
7810.0 0.001191440038383007
7820.0 0.001191440038383007
7830.0 0.0012245350517332554
7840.0 0.0012576309964060783
7850.0 0.0012907260097563267
7860.0 0.0012907260097563267
7870.0 0.0012907260097563267
7880.0 0.0012907260097563267
7890.0 0.0012907260097563267
7900.0 0.0012907260097563267
7910.0 0.0012907260097563267
7920.0 0.0012907260097563267
7930.0 0.0012907260097563267
7940.0 0.0012907260097563267
7950.0 0.0013238219544291496
7960.0 0.001356916967779398
7970.0 0.0013900130288675427
7980.0 0.0013900130288675427
7990.0 0.0013900130288675427
8000.0 0.0013900130288675427
