# Swift UVOT White filter

1600.0 0.9147204756736755
1610.0 0.9147747755050659
1620.0 0.9148290753364563
1630.0 0.9148833751678467
1640.0 0.9149376749992371
1650.0 0.9149920344352722
1660.0 0.9150463342666626
1670.0 0.915100634098053
1680.0 0.9151549339294434
1690.0 0.9152092933654785
1700.0 0.9152635931968689
1710.0 0.9153178930282593
1720.0 0.9153721928596497
1730.0 0.91542649269104
1740.0 0.9154808521270752
1750.0 0.9155351519584656
1760.0 0.915589451789856
1770.0 0.9156437516212463
1780.0 0.9156980514526367
1790.0 0.9157524108886719
1800.0 0.9158067107200623
1810.0 0.9158610105514526
1820.0 0.915915310382843
1830.0 0.9159696698188782
1840.0 0.9160239696502686
1850.0 0.9160782694816589
1860.0 0.9161325693130493
1870.0 0.9161869287490845
1880.0 0.9162412285804749
1890.0 0.9162955284118652
1900.0 0.9163498282432556
1910.0 0.916404128074646
1920.0 0.9164584875106812
1930.0 0.9165127873420715
1940.0 0.9165670871734619
1950.0 0.9166213870048523
1960.0 0.9166757464408875
1970.0 0.9167300462722778
1980.0 0.9167843461036682
1990.0 0.9168386459350586
2000.0 0.916892945766449
2010.0 0.9169473052024841
2020.0 0.9170016050338745
2030.0 0.9170559048652649
2040.0 0.9171102046966553
2050.0 0.9171645641326904
2060.0 0.9172188639640808
2070.0 0.9172731637954712
2080.0 0.9173274636268616
2090.0 0.917381763458252
2100.0 0.9174361228942871
2110.0 0.9174904227256775
2120.0 0.9175447225570679
2130.0 0.9175990223884583
2140.0 0.9176533222198486
2150.0 0.9177076816558838
2160.0 0.9177619814872742
2170.0 0.9178162813186646
2180.0 0.9178705811500549
2190.0 0.9179249405860901
2200.0 0.9179792404174805
2210.0 0.9180335402488708
2220.0 0.9180878400802612
2230.0 0.9181421995162964
2240.0 0.9181964993476868
2250.0 0.9182507991790771
2260.0 0.9183050990104675
2270.0 0.9183593988418579
2280.0 0.9184137582778931
2290.0 0.9184680581092834
2300.0 0.9185223579406738
2310.0 0.9185766577720642
2320.0 0.9186310172080994
2330.0 0.9186853170394897
2340.0 0.9187396168708801
2350.0 0.9187939167022705
2360.0 0.9188482165336609
2370.0 0.918902575969696
2380.0 0.9189568758010864
2390.0 0.9190111756324768
2400.0 0.9190654754638672
2410.0 0.9191198348999023
2420.0 0.9191741347312927
2430.0 0.9192284345626831
2440.0 0.9192827343940735
2450.0 0.9193370342254639
2460.0 0.919391393661499
2470.0 0.9194456934928894
2480.0 0.9194999933242798
2490.0 0.9195542931556702
2500.0 0.9196086525917053
2510.0 0.9196629524230957
2520.0 0.9197172522544861
2530.0 0.9197715520858765
2540.0 0.9198258519172668
2550.0 0.919880211353302
2560.0 0.9199345111846924
2570.0 0.9199888110160828
2580.0 0.9200431108474731
2590.0 0.9200974106788635
2600.0 0.9201517701148987
2610.0 0.9202060699462891
2620.0 0.9202603697776794
2630.0 0.9203147292137146
2640.0 0.920369029045105
2650.0 0.9204233288764954
2660.0 0.9204776287078857
2670.0 0.9205319285392761
2680.0 0.9205862879753113
2690.0 0.9206405878067017
2700.0 0.920694887638092
2710.0 0.9207491874694824
2720.0 0.9208034873008728
2730.0 0.920857846736908
2740.0 0.9209121465682983
2750.0 0.9209664463996887
2760.0 0.9210207462310791
2770.0 0.9210751056671143
2780.0 0.9211294054985046
2790.0 0.921183705329895
2800.0 0.9212380051612854
2810.0 0.9212923049926758
2820.0 0.9213466644287109
2830.0 0.9214009642601013
2840.0 0.9214552640914917
2850.0 0.9215095639228821
2860.0 0.9215639233589172
2870.0 0.9216182231903076
2880.0 0.921672523021698
2890.0 0.9217268228530884
2900.0 0.9217811226844788
2910.0 0.9218354821205139
2920.0 0.9218897819519043
2930.0 0.9219440817832947
2940.0 0.9219983816146851
2950.0 0.9220527410507202
2960.0 0.9221070408821106
2970.0 0.922161340713501
2980.0 0.9222156405448914
2990.0 0.9222699403762817
3000.0 0.9223242998123169
3010.0 0.9223785996437073
3020.0 0.9224328994750977
3030.0 0.922487199306488
3040.0 0.9225415587425232
3050.0 0.9225958585739136
3060.0 0.922650158405304
3070.0 0.9227044582366943
3080.0 0.9227588176727295
3090.0 0.9228131175041199
3100.0 0.9228674173355103
3110.0 0.9229217171669006
3120.0 0.922976016998291
3130.0 0.9230303764343262
3140.0 0.9230846762657166
3150.0 0.9231389760971069
3160.0 0.9231932759284973
3170.0 0.9232475757598877
3180.0 0.9233019351959229
3190.0 0.9233562350273132
3200.0 0.9234105348587036
3210.0 0.923464834690094
3220.0 0.9235191941261292
3230.0 0.9235734939575195
3240.0 0.9236277937889099
3250.0 0.9236820936203003
3260.0 0.9237363934516907
3270.0 0.9237907528877258
3280.0 0.9238450527191162
3290.0 0.9238993525505066
3300.0 0.923953652381897
3310.0 0.9240080118179321
3320.0 0.9240623116493225
3330.0 0.9241166114807129
3340.0 0.9241709113121033
3350.0 0.9242252111434937
3360.0 0.9242795705795288
3370.0 0.9243338704109192
3380.0 0.9243881702423096
3390.0 0.9244424700737
3400.0 0.9244968295097351
3410.0 0.9245511293411255
3420.0 0.9246054291725159
3430.0 0.9246597290039062
3440.0 0.9247140884399414
3450.0 0.9247683882713318
3460.0 0.9248226881027222
3470.0 0.9248769879341125
3480.0 0.9249312877655029
3490.0 0.9249856472015381
3500.0 0.9250399470329285
3510.0 0.9250942468643188
3520.0 0.9251485466957092
3530.0 0.9252029061317444
3540.0 0.9252572059631348
3550.0 0.9253115057945251
3560.0 0.9253658056259155
3570.0 0.9254201054573059
3580.0 0.9254744648933411
3590.0 0.9255287647247314
3600.0 0.9255830645561218
3610.0 0.9256373643875122
3620.0 0.9256916642189026
3630.0 0.9257460236549377
3640.0 0.9258003234863281
3650.0 0.9258546233177185
3660.0 0.9259089231491089
3670.0 0.925963282585144
3680.0 0.9260175824165344
3690.0 0.9260718822479248
3700.0 0.9261261820793152
3710.0 0.9261804819107056
3720.0 0.9262348413467407
3730.0 0.9262891411781311
3740.0 0.9263434410095215
3750.0 0.9263977408409119
3760.0 0.926452100276947
3770.0 0.9265064001083374
3780.0 0.9265606999397278
3790.0 0.9266149997711182
3800.0 0.9266693592071533
3810.0 0.9267236590385437
3820.0 0.9267779588699341
3830.0 0.9268322587013245
3840.0 0.9268865585327148
3850.0 0.92694091796875
3860.0 0.9269952178001404
3870.0 0.9270495176315308
3880.0 0.9271038174629211
3890.0 0.9271581768989563
3900.0 0.9272124767303467
3910.0 0.9272667765617371
3920.0 0.9273210763931274
3930.0 0.9273753762245178
3940.0 0.927429735660553
3950.0 0.9274840354919434
3960.0 0.9275383353233337
3970.0 0.9275926351547241
3980.0 0.9276469349861145
3990.0 0.9277012944221497
4000.0 0.92775559425354
4010.0 0.9278098940849304
4020.0 0.9278641939163208
4030.0 0.927918553352356
4040.0 0.9279728531837463
4050.0 0.9280271530151367
4060.0 0.9280814528465271
4070.0 0.9281357526779175
4080.0 0.9281901121139526
4090.0 0.928244411945343
4100.0 0.9282987117767334
4110.0 0.9283530116081238
4120.0 0.9284073710441589
4130.0 0.9284616708755493
4140.0 0.9285159707069397
4150.0 0.9285702705383301
4160.0 0.9286245703697205
4170.0 0.9286789298057556
4180.0 0.928733229637146
4190.0 0.9287875294685364
4200.0 0.9288418292999268
4210.0 0.9288961887359619
4220.0 0.9289504885673523
4230.0 0.9290047883987427
4240.0 0.9290590882301331
4250.0 0.9291134476661682
4260.0 0.9291677474975586
4270.0 0.929222047328949
4280.0 0.9292763471603394
4290.0 0.9293306469917297
4300.0 0.9293850064277649
4310.0 0.9294393062591553
4320.0 0.9294936060905457
4330.0 0.929547905921936
4340.0 0.9296022653579712
4350.0 0.9296565651893616
4360.0 0.9297031760215759
4370.0 0.929719090461731
4380.0 0.929735004901886
4390.0 0.929750919342041
4400.0 0.9297667741775513
4410.0 0.9297826886177063
4420.0 0.9297986030578613
4430.0 0.9298145174980164
4440.0 0.9298304319381714
4450.0 0.9298463463783264
4460.0 0.9298622012138367
4470.0 0.9298781156539917
4480.0 0.9298940300941467
4490.0 0.9299099445343018
4500.0 0.9299258589744568
4510.0 0.9299417734146118
4520.0 0.9299576282501221
4530.0 0.9299735426902771
4540.0 0.9299894571304321
4550.0 0.9300053715705872
4560.0 0.9300212860107422
4570.0 0.9300372004508972
4580.0 0.9300530552864075
4590.0 0.9300689697265625
4600.0 0.9300848841667175
4610.0 0.9301007986068726
4620.0 0.9301167130470276
4630.0 0.9301326274871826
4640.0 0.9301484823226929
4650.0 0.9301643967628479
4660.0 0.9301803112030029
4670.0 0.930196225643158
4680.0 0.930212140083313
4690.0 0.930228054523468
4700.0 0.930243968963623
4710.0 0.9302598237991333
4720.0 0.9302757382392883
4730.0 0.9302916526794434
4740.0 0.9303075671195984
4750.0 0.9303234815597534
4760.0 0.9303393363952637
4770.0 0.9303552508354187
4780.0 0.9303711652755737
4790.0 0.9303870797157288
4800.0 0.9304029941558838
4810.0 0.9304189085960388
4820.0 0.9304347634315491
4830.0 0.9304506778717041
4840.0 0.9304665923118591
4850.0 0.9304825067520142
4860.0 0.9304984211921692
4870.0 0.9305106401443481
4880.0 0.9305224418640137
4890.0 0.930534303188324
4900.0 0.9305461049079895
4910.0 0.930557906627655
4920.0 0.9305697679519653
4930.0 0.9305815696716309
4940.0 0.9305933713912964
4950.0 0.9306052327156067
4960.0 0.9306170344352722
4970.0 0.9306288957595825
4980.0 0.930640697479248
4990.0 0.9306524991989136
5000.0 0.9306643009185791
5010.0 0.9306761622428894
5020.0 0.9306879639625549
5030.0 0.9306998252868652
5040.0 0.9307116270065308
5050.0 0.9307234287261963
5060.0 0.9307352900505066
5070.0 0.9307470917701721
5080.0 0.9307588934898376
5090.0 0.930770754814148
5100.0 0.9307825565338135
5110.0 0.930794358253479
5120.0 0.9308062195777893
5130.0 0.9308180212974548
5140.0 0.9308298230171204
5150.0 0.9308416843414307
5160.0 0.9308534860610962
5170.0 0.9308653473854065
5180.0 0.930877149105072
5190.0 0.9308889508247375
5200.0 0.9309008121490479
5210.0 0.9309126138687134
5220.0 0.9309244155883789
5230.0 0.9309362769126892
5240.0 0.9309480786323547
5250.0 0.9309598803520203
5260.0 0.9309717416763306
5270.0 0.9309835433959961
5280.0 0.9309953451156616
5290.0 0.9310072064399719
5300.0 0.9310190081596375
5310.0 0.9310308694839478
5320.0 0.9310426712036133
5330.0 0.9310544729232788
5340.0 0.9310663342475891
5350.0 0.9310781359672546
5360.0 0.9310899376869202
5370.0 0.9311017990112305
5380.0 0.931113600730896
5390.0 0.9311254024505615
5400.0 0.9311372637748718
5410.0 0.9311490654945374
5420.0 0.9311608672142029
5430.0 0.9311727285385132
5440.0 0.9311845302581787
5450.0 0.9311963319778442
5460.0 0.9312081933021545
5470.0 0.9312199950218201
5480.0 0.9312317967414856
5490.0 0.9312436580657959
5500.0 0.9312554597854614
5510.0 0.931267261505127
5520.0 0.9312791228294373
5530.0 0.9312909245491028
5540.0 0.9313027858734131
5550.0 0.9313145875930786
5560.0 0.9313263893127441
5570.0 0.9313382506370544
5580.0 0.93135005235672
5590.0 0.9313618540763855
5600.0 0.9313737154006958
5610.0 0.9313855171203613
5620.0 0.9313973188400269
5630.0 0.9314091801643372
5640.0 0.9314209818840027
5650.0 0.9314327836036682
5660.0 0.9314446449279785
5670.0 0.931456446647644
5680.0 0.9314683079719543
5690.0 0.9314801096916199
5700.0 0.9314919114112854
5710.0 0.9315037131309509
5720.0 0.9315155744552612
5730.0 0.9315273761749268
5740.0 0.9315392374992371
5750.0 0.9315510392189026
5760.0 0.9315628409385681
5770.0 0.9315747022628784
5780.0 0.931586503982544
5790.0 0.9315983057022095
5800.0 0.9316101670265198
5810.0 0.9316219687461853
5820.0 0.9316337704658508
5830.0 0.9316456317901611
5840.0 0.9316574335098267
5850.0 0.9316692352294922
5860.0 0.9316810965538025
5870.0 0.931692898273468
5880.0 0.9317029118537903
5890.0 0.9317101836204529
5900.0 0.9317174553871155
5910.0 0.9317247271537781
5920.0 0.9317319989204407
5930.0 0.9317392706871033
5940.0 0.9317466020584106
5950.0 0.9317538738250732
5960.0 0.9317611455917358
5970.0 0.9317684173583984
5980.0 0.931775689125061
5990.0 0.9317829608917236
6000.0 0.9317902326583862
6010.0 0.9317975044250488
6020.0 0.9318047761917114
6030.0 0.9318121075630188
6040.0 0.9318193793296814
6050.0 0.931826651096344
6060.0 0.9318339228630066
6070.0 0.9318411946296692
6080.0 0.9318484663963318
6090.0 0.9318557381629944
6100.0 0.931863009929657
6110.0 0.9318702816963196
6120.0 0.9318775534629822
6130.0 0.9318848848342896
6140.0 0.9318921566009521
6150.0 0.9318994283676147
6160.0 0.9319067001342773
6170.0 0.9319139719009399
6180.0 0.9319212436676025
6190.0 0.9319285154342651
6200.0 0.9319357872009277
6210.0 0.9319431185722351
6220.0 0.9319503307342529
6230.0 0.9319576621055603
6240.0 0.9319649338722229
6250.0 0.9319722056388855
6260.0 0.9319794774055481
6270.0 0.9319867491722107
6280.0 0.9319940209388733
6290.0 0.9320012927055359
6300.0 0.9320085644721985
6310.0 0.9320158958435059
6320.0 0.9320231676101685
6330.0 0.932030439376831
6340.0 0.9320377111434937
6350.0 0.9320449829101562
6360.0 0.9320522546768188
6370.0 0.9320595264434814
6380.0 0.932066798210144
6390.0 0.9320740699768066
6400.0 0.9320813417434692
6410.0 0.9320886731147766
6420.0 0.9320959448814392
6430.0 0.9321032166481018
6440.0 0.9321104884147644
6450.0 0.932117760181427
6460.0 0.9321250319480896
6470.0 0.9321323037147522
6480.0 0.9321395754814148
6490.0 0.9321468472480774
6500.0 0.9321541786193848
6510.0 0.9321614503860474
6520.0 0.93216872215271
6530.0 0.9321759939193726
6540.0 0.9321832656860352
6550.0 0.9321905374526978
6560.0 0.9321978092193604
6570.0 0.932205080986023
6580.0 0.9322123527526855
6590.0 0.9322196245193481
6600.0 0.9322269558906555
6610.0 0.9322342276573181
6620.0 0.9322414994239807
6630.0 0.9322487711906433
6640.0 0.9322560429573059
6650.0 0.9322633147239685
6660.0 0.9322705864906311
6670.0 0.9322778582572937
6680.0 0.9322851300239563
6690.0 0.9322924017906189
6700.0 0.9322997331619263
6710.0 0.9323070049285889
6720.0 0.9323142766952515
6730.0 0.9323215484619141
6740.0 0.9323288202285767
6750.0 0.9323360919952393
6760.0 0.9323433637619019
6770.0 0.9323506355285645
6780.0 0.932357907295227
6790.0 0.9323652386665344
6800.0 0.932372510433197
6810.0 0.9323797821998596
6820.0 0.9323870539665222
6830.0 0.9323943257331848
6840.0 0.9324015974998474
6850.0 0.93240886926651
6860.0 0.9324161410331726
6870.0 0.9324234127998352
6880.0 0.9324306845664978
6890.0 0.9324380159378052
6900.0 0.9324452877044678
6910.0 0.9324525594711304
6920.0 0.932459831237793
6930.0 0.9324671030044556
6940.0 0.9324743747711182
6950.0 0.9324816465377808
6960.0 0.9324889183044434
6970.0 0.9324962496757507
6980.0 0.9325034618377686
6990.0 0.9325107932090759
7000.0 0.9325180649757385
7010.0 0.9325253367424011
7020.0 0.9325326085090637
7030.0 0.9325398802757263
7040.0 0.9325471520423889
7050.0 0.9325544238090515
7060.0 0.9325616955757141
7070.0 0.9325690269470215
7080.0 0.9325762987136841
7090.0 0.9325835704803467
7100.0 0.9325908422470093
7110.0 0.9325981140136719
7120.0 0.9326053857803345
7130.0 0.9326126575469971
7140.0 0.9326199293136597
7150.0 0.9326272010803223
7160.0 0.9326344728469849
7170.0 0.9326418042182922
7180.0 0.9326490759849548
7190.0 0.9326563477516174
7200.0 0.93266361951828
7210.0 0.9326708912849426
7220.0 0.9326781630516052
7230.0 0.9326854348182678
7240.0 0.9326927065849304
7250.0 0.932699978351593
7260.0 0.9327073097229004
7270.0 0.932714581489563
7280.0 0.9327218532562256
7290.0 0.9327291250228882
7300.0 0.9327363967895508
7310.0 0.9327436685562134
7320.0 0.932750940322876
7330.0 0.9327582120895386
7340.0 0.9327654838562012
7350.0 0.9327727556228638
7360.0 0.9327800869941711
7370.0 0.9327873587608337
7380.0 0.9327946305274963
7390.0 0.9328019022941589
7400.0 0.9328091740608215
7410.0 0.9328164458274841
7420.0 0.9328237175941467
7430.0 0.9328309893608093
7440.0 0.9328382611274719
7450.0 0.9328455328941345
7460.0 0.9328528642654419
7470.0 0.9328601360321045
7480.0 0.9328674077987671
7490.0 0.9328746795654297
7500.0 0.9328819513320923
7510.0 0.9328892230987549
7520.0 0.9328964948654175
7530.0 0.9329037666320801
7540.0 0.9329110383987427
7550.0 0.93291836977005
7560.0 0.9329256415367126
7570.0 0.9329329133033752
7580.0 0.9329401850700378
7590.0 0.9329474568367004
7600.0 0.932954728603363
7610.0 0.9329620003700256
7620.0 0.9329692721366882
7630.0 0.9329765439033508
7640.0 0.9329838156700134
7650.0 0.9329911470413208
7660.0 0.9329984188079834
7670.0 0.933005690574646
7680.0 0.9330129623413086
7690.0 0.9330202341079712
7700.0 0.9330275058746338
7710.0 0.9330347776412964
7720.0 0.933042049407959
7730.0 0.9330493211746216
7740.0 0.9330565929412842
7750.0 0.9330639243125916
7760.0 0.9330711960792542
7770.0 0.9330784678459167
7780.0 0.9330857396125793
7790.0 0.9330930113792419
7800.0 0.9331002831459045
7810.0 0.9331075549125671
7820.0 0.9331148266792297
7830.0 0.9331221580505371
7840.0 0.9331293702125549
7850.0 0.9331367015838623
7860.0 0.9331439733505249
7870.0 0.9331512451171875
7880.0 0.9331585168838501
7890.0 0.9331657886505127
7900.0 0.9331730604171753
7910.0 0.9331803321838379
7920.0 0.9331876039505005
7930.0 0.9331949353218079
7940.0 0.9332022070884705
7950.0 0.9332094788551331
7960.0 0.9332167506217957
7970.0 0.9332240223884583
7980.0 0.9332312941551208
7990.0 0.9332385659217834
8000.0 0.933245837688446
