# Swift UVOT UVW2 filter

1600.0 0.29527249932289124
1610.0 0.3032515048980713
1620.0 0.31072959303855896
1630.0 0.31890618801116943
1640.0 0.326212614774704
1650.0 0.3337196111679077
1660.0 0.3405280113220215
1670.0 0.3475359082221985
1680.0 0.35444509983062744
1690.0 0.36074748635292053
1700.0 0.3671506941318512
1710.0 0.3728542923927307
1720.0 0.3777585029602051
1730.0 0.3832624852657318
1740.0 0.3877825140953064
1750.0 0.39250001311302185
1760.0 0.3968164026737213
1770.0 0.4002315104007721
1780.0 0.4041456878185272
1790.0 0.40701401233673096
1800.0 0.41068458557128906
1810.0 0.4138582944869995
1820.0 0.4166347086429596
1830.0 0.42031440138816833
1840.0 0.42295610904693604
1850.0 0.4249989986419678
1860.0 0.4289490878582001
1870.0 0.42989519238471985
1880.0 0.43274950981140137
1890.0 0.42989519238471985
1900.0 0.4289490878582001
1910.0 0.4249989986419678
1920.0 0.42295610904693604
1930.0 0.42031440138816833
1940.0 0.4166347086429596
1950.0 0.4138582944869995
1960.0 0.41068458557128906
1970.0 0.40701401233673096
1980.0 0.4041456878185272
1990.0 0.4002315104007721
2000.0 0.3968164026737213
2010.0 0.39250001311302185
2020.0 0.3877825140953064
2030.0 0.3832624852657318
2040.0 0.3777585029602051
2050.0 0.3728542923927307
2060.0 0.3671506941318512
2070.0 0.36074748635292053
2080.0 0.35444509983062744
2090.0 0.3475359082221985
2100.0 0.3405280113220215
2110.0 0.3337196111679077
2120.0 0.326212614774704
2130.0 0.31890618801116943
2140.0 0.31072959303855896
2150.0 0.3032515048980713
2160.0 0.29527249932289124
2170.0 0.2874929904937744
2180.0 0.2791127860546112
2190.0 0.27190420031547546
2200.0 0.2636966109275818
2210.0 0.2554909884929657
2220.0 0.24708479642868042
2230.0 0.2388802021741867
2240.0 0.23068560659885406
2250.0 0.22249099612236023
2260.0 0.21439619362354279
2270.0 0.20640219748020172
2280.0 0.19870759546756744
2290.0 0.19090719521045685
2300.0 0.18360580503940582
2310.0 0.1764041930437088
2320.0 0.16940219700336456
2330.0 0.16249999403953552
2340.0 0.15660880506038666
2350.0 0.15011580288410187
2360.0 0.14402200281620026
2370.0 0.13802699744701385
2380.0 0.13233129680156708
2390.0 0.1267324984073639
2400.0 0.12163469940423965
2410.0 0.11653590202331543
2420.0 0.11163769662380219
2430.0 0.10693909972906113
2440.0 0.10244309902191162
2450.0 0.09824550896883011
2460.0 0.09414870291948318
2470.0 0.09025249630212784
2480.0 0.0864550918340683
2490.0 0.08295708894729614
2500.0 0.07995808869600296
2510.0 0.07676047831773758
2520.0 0.0736616775393486
2530.0 0.0707634836435318
2540.0 0.06786426901817322
2550.0 0.06516566872596741
2560.0 0.06256786733865738
2570.0 0.060168661177158356
2580.0 0.05787026137113571
2590.0 0.05567266047000885
2600.0 0.053575851023197174
2610.0 0.0515778511762619
2620.0 0.04967964068055153
2630.0 0.04778243973851204
2640.0 0.046083830296993256
2650.0 0.04438422992825508
2660.0 0.04278542846441269
2670.0 0.041186630725860596
2680.0 0.03998703137040138
2690.0 0.0384870283305645
2700.0 0.0371866300702095
2710.0 0.03588623180985451
2720.0 0.034686628729104996
2730.0 0.03358583152294159
2740.0 0.032387230545282364
2750.0 0.03128841891884804
2760.0 0.03028942085802555
2770.0 0.029290419071912766
2780.0 0.028391219675540924
2790.0 0.027491020038723946
2800.0 0.026590820401906967
2810.0 0.025790419429540634
2820.0 0.02499002031981945
2830.0 0.024189619347453117
2840.0 0.023490019142627716
2850.0 0.022790420800447464
2860.0 0.022089820355176926
2870.0 0.021390220150351524
2880.0 0.020890219137072563
2890.0 0.020291419699788094
2900.0 0.019692620262503624
2910.0 0.01909380964934826
2920.0 0.018593810498714447
2930.0 0.018094809725880623
2940.0 0.01759481057524681
2950.0 0.01709480956196785
2960.0 0.016594810411334038
2970.0 0.01619460992515087
2980.0 0.015795409679412842
2990.0 0.015295409597456455
3000.0 0.014995009638369083
3010.0 0.014595810323953629
3020.0 0.014195609837770462
3030.0 0.01379541028290987
3040.0 0.013494010083377361
3050.0 0.013092819601297379
3060.0 0.012791420333087444
3070.0 0.012490020133554935
3080.0 0.012189620174467564
3090.0 0.011889220215380192
3100.0 0.011589819565415382
3110.0 0.011390220373868942
3120.0 0.011190620250999928
3130.0 0.010890220291912556
3140.0 0.010688619688153267
3150.0 0.010386230424046516
3160.0 0.010184629820287228
3170.0 0.009983033873140812
3180.0 0.009781436994671822
3190.0 0.009581836871802807
3200.0 0.009282435290515423
3210.0 0.009082835167646408
3220.0 0.008883234113454819
3230.0 0.008684631437063217
3240.0 0.008483033627271652
3250.0 0.008382235653698444
3260.0 0.008181637153029442
3270.0 0.00808083824813366
3280.0 0.007880239747464657
3290.0 0.007681637071073055
3300.0 0.007582833990454674
3310.0 0.007484031841158867
3320.0 0.007285429164767265
3330.0 0.0071866270154714584
3340.0 0.0070868260227143764
3350.0 0.006887225899845362
3360.0 0.006786426994949579
3370.0 0.006686626933515072
3380.0 0.0065868268720805645
3390.0 0.0064870258793234825
3400.0 0.006287424825131893
3410.0 0.006188623141497374
3420.0 0.006088823080062866
3430.0 0.005989022087305784
3440.0 0.005889222025871277
3450.0 0.005788423120975494
3460.0 0.0056876251474022865
3470.0 0.0055878241546452045
3480.0 0.005487026181071997
3490.0 0.005387226119637489
3500.0 0.005387226119637489
3510.0 0.005287425126880407
3520.0 0.0051876250654459
3530.0 0.0050868261605501175
3540.0 0.004988024011254311
3550.0 0.004888223949819803
3560.0 0.004888223949819803
3570.0 0.004789420869201422
3580.0 0.004689620807766914
3590.0 0.004689620807766914
3600.0 0.004589821211993694
3610.0 0.004491018131375313
3620.0 0.0043912180699408054
3630.0 0.0043912180699408054
3640.0 0.0042914170771837234
3650.0 0.004191617015749216
3660.0 0.004191617015749216
3670.0 0.004091816022992134
3680.0 0.003992015961557627
3690.0 0.003992015961557627
3700.0 0.0038922159001231194
3710.0 0.0038922159001231194
3720.0 0.0037924149073660374
3730.0 0.0037924149073660374
3740.0 0.0036926150787621737
3750.0 0.0036926150787621737
3760.0 0.0035928140860050917
3770.0 0.003591817105188966
3780.0 0.003492016112431884
3790.0 0.003492016112431884
3800.0 0.0033922160509973764
3810.0 0.0033922160509973764
3820.0 0.0032914169132709503
3830.0 0.0032914169132709503
3840.0 0.0032914169132709503
3850.0 0.0031916170846670866
3860.0 0.003192614996805787
3870.0 0.003092814004048705
3880.0 0.003092814004048705
3890.0 0.0029930139426141977
3900.0 0.0029930139426141977
3910.0 0.0029920160304754972
3920.0 0.00289221596904099
3930.0 0.00289221596904099
3940.0 0.00289221596904099
3950.0 0.002792414976283908
3960.0 0.002792414976283908
3970.0 0.0026936130598187447
3980.0 0.0026936130598187447
3990.0 0.0026936130598187447
4000.0 0.0025938120670616627
4010.0 0.0027934128884226084
4020.0 0.0027604789938777685
4030.0 0.0027265469543635845
4040.0 0.0026936130598187447
4050.0 0.002660678932443261
4060.0 0.002626746892929077
4070.0 0.0025938120670616627
4080.0 0.002560877939686179
4090.0 0.002526945900171995
4100.0 0.0024940120056271553
4110.0 0.0024610781110823154
4120.0 0.0024271460715681314
4130.0 0.002394211944192648
4140.0 0.00236127688549459
4150.0 0.0023273450788110495
4160.0 0.002294410951435566
4170.0 0.002294410951435566
4180.0 0.002294410951435566
4190.0 0.002294410951435566
4200.0 0.002261477056890726
4210.0 0.002227545017376542
4220.0 0.0021946108900010586
4230.0 0.0021616769954562187
4240.0 0.0021277449559420347
4250.0 0.0020948098972439766
4260.0 0.0020948098972439766
4270.0 0.0020948098972439766
4280.0 0.002093811985105276
4290.0 0.0020608780905604362
4300.0 0.0020279439631849527
4310.0 0.001995010068640113
4320.0 0.001995010068640113
4330.0 0.0019960079807788134
4340.0 0.0019960079807788134
4350.0 0.0019620759412646294
4360.0 0.0019291420467197895
4370.0 0.0018962080357596278
4380.0 0.0018962080357596278
4390.0 0.0018962080357596278
4400.0 0.0018962080357596278
4410.0 0.0018632740247994661
4420.0 0.0018293410539627075
4430.0 0.0017964070430025458
4440.0 0.0017964070430025458
4450.0 0.0017964070430025458
4460.0 0.0017964070430025458
4470.0 0.0017634730320423841
4480.0 0.0017295409925282001
4490.0 0.0016966069815680385
4500.0 0.0016956089530140162
4510.0 0.0016956089530140162
4520.0 0.0016956089530140162
4530.0 0.0016626749420538545
4540.0 0.0016297410475090146
4550.0 0.0015958079602569342
4560.0 0.0015958079602569342
4570.0 0.0015968059888109565
4580.0 0.0015968059888109565
4590.0 0.0015968059888109565
4600.0 0.0015968059888109565
4610.0 0.0015968059888109565
4620.0 0.0015628739492967725
4630.0 0.0015299400547519326
4640.0 0.001497006043791771
4650.0 0.001497006043791771
4660.0 0.001497006043791771
4670.0 0.001497006043791771
4680.0 0.001463074004277587
4690.0 0.0014301399933174253
4700.0 0.0013972059823572636
4710.0 0.0013972059823572636
4720.0 0.0013972059823572636
4730.0 0.0013972059823572636
4740.0 0.0013972059823572636
4750.0 0.0013972059823572636
4760.0 0.0013972059823572636
4770.0 0.0013972059823572636
4780.0 0.0013972059823572636
4790.0 0.0013972059823572636
4800.0 0.0013972059823572636
4810.0 0.0013972059823572636
4820.0 0.0013972059823572636
4830.0 0.0013642710400745273
4840.0 0.0013303390005603433
4850.0 0.0012974049896001816
4860.0 0.0012974049896001816
4870.0 0.0012974049896001816
4880.0 0.0012974049896001816
4890.0 0.0012974049896001816
4900.0 0.0012974049896001816
4910.0 0.0012974049896001816
4920.0 0.0012634729500859976
4930.0 0.0012305390555411577
4940.0 0.001197605044580996
4950.0 0.001197605044580996
4960.0 0.001197605044580996
4970.0 0.001197605044580996
4980.0 0.001197605044580996
4990.0 0.001197605044580996
5000.0 0.001197605044580996
5010.0 0.001197605044580996
5020.0 0.001197605044580996
5030.0 0.001197605044580996
5040.0 0.001197605044580996
5050.0 0.001197605044580996
5060.0 0.001197605044580996
5070.0 0.0011646710336208344
5080.0 0.0011307389941066504
5090.0 0.001097804051823914
5100.0 0.001097804051823914
5110.0 0.001097804051823914
5120.0 0.001097804051823914
5130.0 0.001097804051823914
5140.0 0.001097804051823914
5150.0 0.001097804051823914
5160.0 0.001097804051823914
5170.0 0.001097804051823914
5180.0 0.001097804051823914
5190.0 0.001097804051823914
5200.0 0.001097804051823914
5210.0 0.001097804051823914
5220.0 0.0010648700408637524
5230.0 0.0010309380013495684
5240.0 0.0009980039903894067
5250.0 0.0009980039903894067
5260.0 0.0009980039903894067
5270.0 0.0009980039903894067
5280.0 0.0009980039903894067
5290.0 0.0009980039903894067
5300.0 0.0009980039903894067
5310.0 0.0009980039903894067
5320.0 0.0009980039903894067
5330.0 0.0009980039903894067
5340.0 0.0009980039903894067
5350.0 0.0009980039903894067
5360.0 0.0009980039903894067
5370.0 0.0009980039903894067
5380.0 0.0009980039903894067
5390.0 0.0009980039903894067
5400.0 0.0009980039903894067
5410.0 0.0009980039903894067
5420.0 0.0009980039903894067
5430.0 0.0009650699212215841
5440.0 0.0009311377070844173
5450.0 0.0008982035797089338
5460.0 0.0008982035797089338
5470.0 0.0008982035797089338
5480.0 0.0008982035797089338
5490.0 0.0008982035797089338
5500.0 0.0008992016082629561
5510.0 0.0008992016082629561
5520.0 0.0008992016082629561
5530.0 0.0008992016082629561
5540.0 0.0008992016082629561
5550.0 0.0008982035797089338
5560.0 0.0008982035797089338
5570.0 0.0008982035797089338
5580.0 0.0008982035797089338
5590.0 0.0008982035797089338
5600.0 0.0008982035797089338
5610.0 0.0008982035797089338
5620.0 0.0008982035797089338
5630.0 0.0008982035797089338
5640.0 0.0008982035797089338
5650.0 0.0008982035797089338
5660.0 0.0008982035797089338
5670.0 0.0008982035797089338
5680.0 0.0008982035797089338
5690.0 0.0008982035797089338
5700.0 0.0008982035797089338
5710.0 0.0008982035797089338
5720.0 0.0008982035797089338
5730.0 0.0008652695105411112
5740.0 0.0008323353831656277
5750.0 0.0007984032272361219
5760.0 0.0007984032272361219
5770.0 0.0007984032272361219
5780.0 0.0007984032272361219
5790.0 0.0007984032272361219
5800.0 0.0007984032272361219
5810.0 0.0007984032272361219
5820.0 0.0007984032272361219
5830.0 0.0007984032272361219
5840.0 0.0007984032272361219
5850.0 0.0007984032272361219
5860.0 0.0007984032272361219
5870.0 0.0007984032272361219
5880.0 0.0007984032272361219
5890.0 0.0007984032272361219
5900.0 0.0007984032272361219
5910.0 0.0007984032272361219
5920.0 0.0007984032272361219
5930.0 0.0007984032272361219
5940.0 0.0007984032272361219
5950.0 0.0007984032272361219
5960.0 0.0007984032272361219
5970.0 0.0007984032272361219
5980.0 0.0007984032272361219
5990.0 0.0007984032272361219
6000.0 0.0007984032272361219
6010.0 0.0007984032272361219
6020.0 0.0007984032272361219
6030.0 0.0007984032272361219
6040.0 0.0007984032272361219
6050.0 0.0007984032272361219
6060.0 0.0007984032272361219
6070.0 0.0007984032272361219
6080.0 0.0007984032272361219
6090.0 0.0007984032272361219
6100.0 0.0007984032272361219
6110.0 0.0007984032272361219
6120.0 0.0007654690998606384
6130.0 0.000732534914277494
6140.0 0.000698602816555649
6150.0 0.000698602816555649
6160.0 0.000698602816555649
6170.0 0.000698602816555649
6180.0 0.000698602816555649
6190.0 0.000698602816555649
6200.0 0.000698602816555649
6210.0 0.000698602816555649
6220.0 0.000698602816555649
6230.0 0.000698602816555649
6240.0 0.000698602816555649
6250.0 0.000698602816555649
6260.0 0.000698602816555649
6270.0 0.000698602816555649
6280.0 0.000698602816555649
6290.0 0.000698602816555649
6300.0 0.000698602816555649
6310.0 0.000698602816555649
6320.0 0.000698602816555649
6330.0 0.000698602816555649
6340.0 0.000698602816555649
6350.0 0.000698602816555649
6360.0 0.000698602816555649
6370.0 0.000698602816555649
6380.0 0.000698602816555649
6390.0 0.000698602816555649
6400.0 0.000698602816555649
6410.0 0.000698602816555649
6420.0 0.000698602816555649
6430.0 0.000698602816555649
6440.0 0.000698602816555649
6450.0 0.000698602816555649
6460.0 0.000698602816555649
6470.0 0.000698602816555649
6480.0 0.000698602816555649
6490.0 0.000698602816555649
6500.0 0.000698602816555649
6510.0 0.000698602816555649
6520.0 0.000698602816555649
6530.0 0.0006996007869020104
6540.0 0.000698602816555649
6550.0 0.000698602816555649
6560.0 0.000698602816555649
6570.0 0.000698602816555649
6580.0 0.000698602816555649
6590.0 0.000698602816555649
6600.0 0.000698602816555649
6610.0 0.000698602816555649
6620.0 0.000698602816555649
6630.0 0.000698602816555649
6640.0 0.000698602816555649
6650.0 0.000698602816555649
6660.0 0.000698602816555649
6670.0 0.000698602816555649
6680.0 0.0006996007869020104
6690.0 0.000698602816555649
6700.0 0.000698602816555649
6710.0 0.000698602816555649
6720.0 0.000698602816555649
6730.0 0.000698602816555649
6740.0 0.000698602816555649
6750.0 0.000698602816555649
6760.0 0.000698602816555649
6770.0 0.0006996007869020104
6780.0 0.0006996007869020104
6790.0 0.0006996007869020104
6800.0 0.0006996007869020104
6810.0 0.000698602816555649
6820.0 0.000698602816555649
6830.0 0.000698602816555649
6840.0 0.000698602816555649
6850.0 0.000698602816555649
6860.0 0.0006996007869020104
6870.0 0.0006996007869020104
6880.0 0.0006996007869020104
6890.0 0.0006996007869020104
6900.0 0.0006996007869020104
6910.0 0.0006996007869020104
6920.0 0.0006996007869020104
6930.0 0.0006996007869020104
6940.0 0.0006996007869020104
6950.0 0.0006996007869020104
6960.0 0.0006996007869020104
6970.0 0.000698602816555649
6980.0 0.000698602816555649
6990.0 0.000698602816555649
7000.0 0.000698602816555649
7010.0 0.000698602816555649
7020.0 0.000698602816555649
7030.0 0.000698602816555649
7040.0 0.000698602816555649
7050.0 0.000698602816555649
7060.0 0.000698602816555649
7070.0 0.000698602816555649
7080.0 0.000698602816555649
7090.0 0.000698602816555649
7100.0 0.000698602816555649
7110.0 0.000698602816555649
7120.0 0.000698602816555649
7130.0 0.000698602816555649
7140.0 0.000698602816555649
7150.0 0.000698602816555649
7160.0 0.000698602816555649
7170.0 0.000698602816555649
7180.0 0.000698602816555649
7190.0 0.000698602816555649
7200.0 0.000698602816555649
7210.0 0.000698602816555649
7220.0 0.000698602816555649
7230.0 0.000698602816555649
7240.0 0.000698602816555649
7250.0 0.000698602816555649
7260.0 0.000698602816555649
7270.0 0.000698602816555649
7280.0 0.000698602816555649
7290.0 0.000698602816555649
7300.0 0.000698602816555649
7310.0 0.000698602816555649
7320.0 0.000731869600713253
7330.0 0.000765136384870857
7340.0 0.0007984032272361219
7350.0 0.0007984032272361219
7360.0 0.0007984032272361219
7370.0 0.0007984032272361219
7380.0 0.0007984032272361219
7390.0 0.0007984032272361219
7400.0 0.0007984032272361219
7410.0 0.0007984032272361219
7420.0 0.0007984032272361219
7430.0 0.0007984032272361219
7440.0 0.000765136384870857
7450.0 0.000731869600713253
7460.0 0.000698602816555649
7470.0 0.000698602816555649
7480.0 0.000698602816555649
7490.0 0.000698602816555649
7500.0 0.000698602816555649
7510.0 0.000698602816555649
7520.0 0.000698602816555649
7530.0 0.000698602816555649
7540.0 0.000698602816555649
7550.0 0.000698602816555649
7560.0 0.000731869600713253
7570.0 0.000765136384870857
7580.0 0.0007984032272361219
7590.0 0.0007984032272361219
7600.0 0.0007984032272361219
7610.0 0.0007984032272361219
7620.0 0.0007984032272361219
7630.0 0.0007984032272361219
7640.0 0.0007984032272361219
7650.0 0.0007984032272361219
7660.0 0.0007984032272361219
7670.0 0.0007984032272361219
7680.0 0.0007984032272361219
7690.0 0.0007984032272361219
7700.0 0.0007984032272361219
7710.0 0.0007984032272361219
7720.0 0.0007984032272361219
7730.0 0.0007984032272361219
7740.0 0.0008316700113937259
7750.0 0.0008649367955513299
7760.0 0.0008982035797089338
7770.0 0.0008982035797089338
7780.0 0.0008982035797089338
7790.0 0.0008982035797089338
7800.0 0.0008982035797089338
7810.0 0.0008982035797089338
7820.0 0.0008982035797089338
7830.0 0.0008982035797089338
7840.0 0.0008982035797089338
7850.0 0.0008982035797089338
7860.0 0.0008982035797089338
7870.0 0.0008982035797089338
7880.0 0.0008982035797089338
7890.0 0.0009314704220741987
7900.0 0.0009647372062318027
7910.0 0.0009980039903894067
7920.0 0.0009980039903894067
7930.0 0.0009980039903894067
7940.0 0.0009980039903894067
7950.0 0.0009980039903894067
7960.0 0.0009980039903894067
7970.0 0.0009980039903894067
7980.0 0.0009980039903894067
7990.0 0.0009980039903894067
8000.0 0.0009980039903894067
