# Swift UVOT V filter

1600.0 0.0
1610.0 0.0
1620.0 0.0
1630.0 0.0
1640.0 0.0
1650.0 0.0
1660.0 0.0
1670.0 0.0
1680.0 0.0
1690.0 0.0
1700.0 0.0
1710.0 0.0
1720.0 0.0
1730.0 0.0
1740.0 0.0
1750.0 0.0
1760.0 0.0
1770.0 0.0
1780.0 0.0
1790.0 0.0
1800.0 0.0
1810.0 0.0
1820.0 0.0
1830.0 0.0
1840.0 0.0
1850.0 0.0
1860.0 0.0
1870.0 0.0
1880.0 0.0
1890.0 0.0
1900.0 0.0
1910.0 0.0
1920.0 0.0
1930.0 0.0
1940.0 0.0
1950.0 0.0
1960.0 0.0
1970.0 0.0
1980.0 0.0
1990.0 0.0
2000.0 0.0
2010.0 0.0
2020.0 0.0
2030.0 0.0
2040.0 0.0
2050.0 0.0
2060.0 0.0
2070.0 0.0
2080.0 0.0
2090.0 0.0
2100.0 0.0
2110.0 0.0
2120.0 0.0
2130.0 0.0
2140.0 0.0
2150.0 0.0
2160.0 0.0
2170.0 0.0
2180.0 0.0
2190.0 0.0
2200.0 0.0
2210.0 0.0
2220.0 9.999999747378752e-05
2230.0 0.0
2240.0 0.0
2250.0 0.0
2260.0 0.0
2270.0 9.999999747378752e-05
2280.0 0.0
2290.0 0.0
2300.0 0.0
2310.0 0.0
2320.0 0.0
2330.0 0.0
2340.0 0.0
2350.0 0.0
2360.0 0.0
2370.0 0.0
2380.0 0.0
2390.0 0.0
2400.0 0.0
2410.0 0.0
2420.0 0.0
2430.0 0.0
2440.0 0.0
2450.0 0.0
2460.0 0.0
2470.0 0.0
2480.0 0.0
2490.0 0.0
2500.0 0.0
2510.0 0.0
2520.0 0.0
2530.0 0.0
2540.0 0.0
2550.0 0.0
2560.0 0.0
2570.0 0.0
2580.0 0.0
2590.0 0.0
2600.0 0.0
2610.0 0.0
2620.0 0.0
2630.0 0.0
2640.0 0.0
2650.0 0.0
2660.0 0.0
2670.0 0.0
2680.0 0.0
2690.0 0.0
2700.0 0.0
2710.0 0.0
2720.0 0.0
2730.0 0.0
2740.0 0.0
2750.0 0.0
2760.0 0.0
2770.0 0.0
2780.0 0.0
2790.0 0.0
2800.0 0.0
2810.0 0.0
2820.0 0.0
2830.0 0.0
2840.0 0.0
2850.0 0.0
2860.0 0.0
2870.0 0.0
2880.0 0.0
2890.0 0.0
2900.0 0.0
2910.0 0.0
2920.0 0.0
2930.0 0.0
2940.0 0.0
2950.0 0.0
2960.0 0.0
2970.0 0.0
2980.0 0.0
2990.0 0.0
3000.0 0.0
3010.0 0.0
3020.0 0.0
3030.0 0.0
3040.0 9.999999747378752e-05
3050.0 0.0
3060.0 0.0
3070.0 0.0
3080.0 0.0
3090.0 0.0
3100.0 0.0
3110.0 0.0
3120.0 0.0
3130.0 0.0
3140.0 0.0
3150.0 0.0
3160.0 0.0
3170.0 0.0
3180.0 0.0
3190.0 0.0
3200.0 0.0
3210.0 0.0
3220.0 0.0
3230.0 0.0
3240.0 9.999999747378752e-05
3250.0 9.999999747378752e-05
3260.0 0.0
3270.0 0.0
3280.0 9.999999747378752e-05
3290.0 9.999999747378752e-05
3300.0 9.999999747378752e-05
3310.0 0.0
3320.0 0.0
3330.0 0.0
3340.0 0.0
3350.0 9.999999747378752e-05
3360.0 0.0
3370.0 0.0
3380.0 0.0
3390.0 0.0
3400.0 9.999999747378752e-05
3410.0 0.0
3420.0 0.0
3430.0 0.0
3440.0 0.0
3450.0 0.0
3460.0 0.0
3470.0 0.0
3480.0 0.0
3490.0 0.0
3500.0 9.999999747378752e-05
3510.0 0.0
3520.0 9.999999747378752e-05
3530.0 9.999999747378752e-05
3540.0 0.0
3550.0 0.0
3560.0 0.0
3570.0 9.999999747378752e-05
3580.0 9.999999747378752e-05
3590.0 0.0
3600.0 0.0
3610.0 9.999999747378752e-05
3620.0 9.999999747378752e-05
3630.0 0.00019999999494757503
3640.0 0.00019999999494757503
3650.0 0.00019999999494757503
3660.0 0.0003000000142492354
3670.0 0.00019999999494757503
3680.0 0.0003000000142492354
3690.0 0.0003000000142492354
3700.0 0.00019999999494757503
3710.0 0.0003000000142492354
3720.0 0.0003000000142492354
3730.0 0.0005000000237487257
3740.0 0.000699999975040555
3750.0 0.0008999999845400453
3760.0 0.0007999999797903001
3770.0 0.000699999975040555
3780.0 0.0003000000142492354
3790.0 0.0
3800.0 0.0
3810.0 0.0
3820.0 0.0
3830.0 0.0
3840.0 0.0
3850.0 0.0
3860.0 0.0
3870.0 0.0
3880.0 0.0
3890.0 0.0
3900.0 0.0
3910.0 0.0
3920.0 0.0
3930.0 0.0
3940.0 0.0
3950.0 0.0
3960.0 0.0
3970.0 0.0
3980.0 0.0
3990.0 0.0
4000.0 0.0
4010.0 0.0
4020.0 0.0
4030.0 0.0
4040.0 0.0
4050.0 0.0
4060.0 0.0
4070.0 0.0
4080.0 0.0
4090.0 0.0
4100.0 0.0
4110.0 0.0
4120.0 0.0
4130.0 9.999999747378752e-05
4140.0 9.999999747378752e-05
4150.0 9.999999747378752e-05
4160.0 9.999999747378752e-05
4170.0 0.00019999999494757503
4180.0 9.999999747378752e-05
4190.0 9.999999747378752e-05
4200.0 0.0
4210.0 0.0
4220.0 0.0
4230.0 0.0
4240.0 0.0
4250.0 0.0
4260.0 0.0
4270.0 0.0
4280.0 0.0
4290.0 0.0
4300.0 9.999999747378752e-05
4310.0 9.999999747378752e-05
4320.0 9.999999747378752e-05
4330.0 0.0
4340.0 9.999999747378752e-05
4350.0 9.999999747378752e-05
4360.0 9.999999747378752e-05
4370.0 9.999999747378752e-05
4380.0 9.999999747378752e-05
4390.0 0.00019999999494757503
4400.0 0.00019999999494757503
4410.0 9.999999747378752e-05
4420.0 0.00019999999494757503
4430.0 9.999999747378752e-05
4440.0 9.999999747378752e-05
4450.0 0.0
4460.0 9.999999747378752e-05
4470.0 9.999999747378752e-05
4480.0 9.999999747378752e-05
4490.0 0.0
4500.0 0.0
4510.0 9.999999747378752e-05
4520.0 9.999999747378752e-05
4530.0 0.0
4540.0 0.0
4550.0 9.999999747378752e-05
4560.0 9.999999747378752e-05
4570.0 0.0
4580.0 0.0
4590.0 9.999999747378752e-05
4600.0 9.999999747378752e-05
4610.0 9.999999747378752e-05
4620.0 9.999999747378752e-05
4630.0 0.00019999999494757503
4640.0 0.00019999999494757503
4650.0 0.0003000000142492354
4660.0 0.0003000000142492354
4670.0 0.00039999998989515007
4680.0 0.0006000000284984708
4690.0 0.0007999999797903001
4700.0 0.0010000000474974513
4710.0 0.0013000000035390258
4720.0 0.0017000000225380063
4730.0 0.0019000000320374966
4740.0 0.002099999925121665
4750.0 0.002199999988079071
4760.0 0.002199999988079071
4770.0 0.002099999925121665
4780.0 0.0019000000320374966
4790.0 0.0017999999690800905
4800.0 0.0017999999690800905
4810.0 0.0019000000320374966
4820.0 0.0019000000320374966
4830.0 0.0019000000320374966
4840.0 0.0020000000949949026
4850.0 0.002199999988079071
4860.0 0.0024999999441206455
4870.0 0.0027000000700354576
4880.0 0.003100000089034438
4890.0 0.003599999938160181
4900.0 0.00430000014603138
4910.0 0.005100000184029341
4920.0 0.006300000008195639
4930.0 0.007799999788403511
4940.0 0.009800000116229057
4950.0 0.012600000016391277
4960.0 0.016300000250339508
4970.0 0.0215000007301569
4980.0 0.028699999675154686
4990.0 0.03880000114440918
5000.0 0.05310000106692314
5010.0 0.07329999655485153
5020.0 0.10180000215768814
5030.0 0.1404000073671341
5040.0 0.1907999962568283
5050.0 0.2529999911785126
5060.0 0.3239000141620636
5070.0 0.398499995470047
5080.0 0.47040000557899475
5090.0 0.5346999764442444
5100.0 0.589900016784668
5110.0 0.6366999745368958
5120.0 0.6771000027656555
5130.0 0.7141000032424927
5140.0 0.75
5150.0 0.7857000231742859
5160.0 0.8215000033378601
5170.0 0.8564000129699707
5180.0 0.8884999752044678
5190.0 0.9151999950408936
5200.0 0.9355000257492065
5210.0 0.9470999836921692
5220.0 0.9505000114440918
5230.0 0.9470000267028809
5240.0 0.9383999705314636
5250.0 0.929099977016449
5260.0 0.9208999872207642
5270.0 0.9151999950408936
5280.0 0.9140999913215637
5290.0 0.9172999858856201
5300.0 0.9243000149726868
5310.0 0.9333999752998352
5320.0 0.9434999823570251
5330.0 0.9532999992370605
5340.0 0.9621999859809875
5350.0 0.9696000218391418
5360.0 0.9743000268936157
5370.0 0.9768999814987183
5380.0 0.9785000085830688
5390.0 0.979200005531311
5400.0 0.9789999723434448
5410.0 0.978600025177002
5420.0 0.9776999950408936
5430.0 0.9772999882698059
5440.0 0.9763000011444092
5450.0 0.9750999808311462
5460.0 0.9739999771118164
5470.0 0.9729999899864197
5480.0 0.972100019454956
5490.0 0.9714999794960022
5500.0 0.9713000059127808
5510.0 0.9714999794960022
5520.0 0.9710000157356262
5530.0 0.9706000089645386
5540.0 0.9702000021934509
5550.0 0.9699000120162964
5560.0 0.9688000082969666
5570.0 0.96670001745224
5580.0 0.9656000137329102
5590.0 0.9642999768257141
5600.0 0.9635999798774719
5610.0 0.9635999798774719
5620.0 0.9645000100135803
5630.0 0.9656999707221985
5640.0 0.967199981212616
5650.0 0.9696000218391418
5660.0 0.9717000126838684
5670.0 0.9732999801635742
5680.0 0.9739999771118164
5690.0 0.9717000126838684
5700.0 0.9660999774932861
5710.0 0.9578999876976013
5720.0 0.9465000033378601
5730.0 0.932200014591217
5740.0 0.9150999784469604
5750.0 0.8980000019073486
5760.0 0.8816999793052673
5770.0 0.8654999732971191
5780.0 0.8496000170707703
5790.0 0.8309999704360962
5800.0 0.8068000078201294
5810.0 0.772599995136261
5820.0 0.7249000072479248
5830.0 0.6622999906539917
5840.0 0.5884000062942505
5850.0 0.5080999732017517
5860.0 0.4284000098705292
5870.0 0.35519999265670776
5880.0 0.2919999957084656
5890.0 0.2387000024318695
5900.0 0.19419999420642853
5910.0 0.15700000524520874
5920.0 0.1264999955892563
5930.0 0.10090000182390213
5940.0 0.0794999971985817
5950.0 0.06199999898672104
5960.0 0.04780000075697899
5970.0 0.03660000115633011
5980.0 0.027899999171495438
5990.0 0.021400000900030136
6000.0 0.016499999910593033
6010.0 0.012799999676644802
6020.0 0.010099999606609344
6030.0 0.00800000037997961
6040.0 0.006500000134110451
6050.0 0.005400000140070915
6060.0 0.0044999998062849045
6070.0 0.003800000064074993
6080.0 0.0032999999821186066
6090.0 0.002899999963119626
6100.0 0.0026000000070780516
6110.0 0.002300000051036477
6120.0 0.0020000000949949026
6130.0 0.0017999999690800905
6140.0 0.0015999999595806003
6150.0 0.00139999995008111
6160.0 0.0012000000569969416
6170.0 0.0010000000474974513
6180.0 0.0008999999845400453
6190.0 0.0007999999797903001
6200.0 0.0006000000284984708
6210.0 0.0006000000284984708
6220.0 0.0005000000237487257
6230.0 0.00039999998989515007
6240.0 0.0003000000142492354
6250.0 0.0003000000142492354
6260.0 0.0003000000142492354
6270.0 0.0003000000142492354
6280.0 0.00019999999494757503
6290.0 0.00019999999494757503
6300.0 0.00019999999494757503
6310.0 0.00019999999494757503
6320.0 9.999999747378752e-05
6330.0 0.00019999999494757503
6340.0 0.00019999999494757503
6350.0 0.00019999999494757503
6360.0 9.999999747378752e-05
6370.0 9.999999747378752e-05
6380.0 0.00019999999494757503
6390.0 0.00019999999494757503
6400.0 0.00019999999494757503
6410.0 9.999999747378752e-05
6420.0 0.00019999999494757503
6430.0 0.00019999999494757503
6440.0 9.999999747378752e-05
6450.0 9.999999747378752e-05
6460.0 9.999999747378752e-05
6470.0 9.999999747378752e-05
6480.0 9.999999747378752e-05
6490.0 0.0
6500.0 9.999999747378752e-05
6510.0 9.999999747378752e-05
6520.0 0.00019999999494757503
6530.0 9.999999747378752e-05
6540.0 9.999999747378752e-05
6550.0 9.999999747378752e-05
6560.0 9.999999747378752e-05
6570.0 9.999999747378752e-05
6580.0 0.0
6590.0 9.999999747378752e-05
6600.0 9.999999747378752e-05
6610.0 9.999999747378752e-05
6620.0 0.0
6630.0 0.0
6640.0 9.999999747378752e-05
6650.0 9.999999747378752e-05
6660.0 9.999999747378752e-05
6670.0 9.999999747378752e-05
6680.0 9.999999747378752e-05
6690.0 9.999999747378752e-05
6700.0 9.999999747378752e-05
6710.0 0.0
6720.0 9.999999747378752e-05
6730.0 9.999999747378752e-05
6740.0 9.999999747378752e-05
6750.0 0.0
6760.0 0.0
6770.0 9.999999747378752e-05
6780.0 9.999999747378752e-05
6790.0 9.999999747378752e-05
6800.0 9.999999747378752e-05
6810.0 9.999999747378752e-05
6820.0 9.999999747378752e-05
6830.0 9.999999747378752e-05
6840.0 9.999999747378752e-05
6850.0 9.999999747378752e-05
6860.0 9.999999747378752e-05
6870.0 9.999999747378752e-05
6880.0 9.999999747378752e-05
6890.0 9.999999747378752e-05
6900.0 9.999999747378752e-05
6910.0 9.999999747378752e-05
6920.0 0.0
6930.0 0.0
6940.0 9.999999747378752e-05
6950.0 9.999999747378752e-05
6960.0 9.999999747378752e-05
6970.0 0.0
6980.0 9.999999747378752e-05
6990.0 9.999999747378752e-05
7000.0 9.999999747378752e-05
7010.0 0.0
7020.0 0.0
7030.0 0.0
7040.0 0.0
7050.0 0.0
7060.0 0.0
7070.0 0.0
7080.0 0.0
7090.0 0.0
7100.0 0.0
7110.0 0.0
7120.0 0.0
7130.0 0.0
7140.0 0.0
7150.0 0.0
7160.0 0.0
7170.0 0.0
7180.0 0.0
7190.0 0.0
7200.0 0.0
7210.0 0.0
7220.0 0.0
7230.0 0.0
7240.0 0.0
7250.0 0.0
7260.0 0.0
7270.0 0.0
7280.0 0.0
7290.0 0.0
7300.0 0.0
7310.0 0.0
7320.0 0.0
7330.0 0.0
7340.0 0.0
7350.0 0.0
7360.0 0.0
7370.0 0.0
7380.0 0.0
7390.0 0.0
7400.0 0.0
7410.0 0.0
7420.0 0.0
7430.0 0.0
7440.0 0.0
7450.0 0.0
7460.0 0.0
7470.0 0.0
7480.0 0.0
7490.0 0.0
7500.0 0.0
7510.0 0.0
7520.0 0.0
7530.0 0.0
7540.0 0.0
7550.0 0.0
7560.0 0.0
7570.0 0.0
7580.0 0.0
7590.0 0.0
7600.0 0.0
7610.0 0.0
7620.0 0.0
7630.0 0.0
7640.0 0.0
7650.0 0.0
7660.0 0.0
7670.0 0.0
7680.0 0.0
7690.0 0.0
7700.0 0.0
7710.0 0.0
7720.0 0.0
7730.0 0.0
7740.0 0.0
7750.0 0.0
7760.0 0.0
7770.0 0.0
7780.0 0.0
7790.0 0.0
7800.0 0.0
7810.0 0.0
7820.0 0.0
7830.0 0.0
7840.0 0.0
7850.0 0.0
7860.0 0.0
7870.0 0.0
7880.0 0.0
7890.0 0.0
7900.0 0.0
7910.0 0.0
7920.0 0.0
7930.0 0.0
7940.0 0.0
7950.0 0.0
7960.0 0.0
7970.0 0.0
7980.0 0.0
7990.0 0.0
8000.0 0.0
